2 6.240
4 6.249
6 6.271
8 6.193
10 6.193
12 6.195
14 6.272
16 6.270
18 6.196
20 6.205
22 6.253
24 6.219
2 6.188
4 6.203
6 6.256
8 6.211
10 6.190
12 6.192
14 6.283
16 6.197
18 6.181
20 6.277
22 6.197
24 6.191
2 6.275
4 6.274
6 6.269
8 6.181
10 6.277
12 6.204
14 6.289
16 6.184
18 6.188
20 6.194
22 6.189
24 6.252
2 6.233
4 6.269
6 6.281
8 6.185
10 6.194
12 6.281
14 6.190
16 6.183
18 6.190
20 6.205
22 6.245
24 6.279
2 6.198
4 6.278
6 6.197
8 6.191
10 6.207
12 6.210
14 6.192
16 6.275
18 6.196
20 6.190
22 6.195
24 6.274
2 6.207
4 6.276
6 6.287
8 6.214
10 6.278
12 6.275
14 6.194
16 6.281
18 6.282
20 6.194
22 6.228
24 6.281
2 6.185
4 6.279
6 6.275
8 6.200
10 6.283
12 6.286
14 6.277
16 6.192
18 6.199
20 6.191
22 6.282
24 6.278
2 6.198
4 6.186
6 6.274
8 6.184
10 6.270
12 6.192
14 6.185
16 6.190
18 6.192
20 6.183
22 6.281
24 6.192
2 6.200
4 6.275
6 6.267
8 6.281
10 6.190
12 6.253
14 6.188
16 6.178
18 6.192
20 6.196
22 6.189
24 6.278
2 6.183
4 6.190
6 6.187
8 6.202
10 6.193
12 6.194
14 6.184
16 6.254
18 6.286
20 6.183
22 6.286
24 6.276
