2 8.435
4 8.455
6 5.046
8 5.054
10 5.048
12 5.067
14 8.316
16 5.052
18 5.060
20 8.539
22 5.051
24 5.048
2 5.110
4 5.048
6 5.047
8 5.051
10 5.051
12 5.046
14 5.059
16 5.058
18 5.045
20 5.060
22 5.051
24 5.051
2 7.552
4 5.056
6 5.060
8 5.048
10 5.053
12 5.055
14 5.074
16 5.052
18 5.060
20 5.050
22 5.060
24 5.048
2 5.057
4 5.050
6 5.052
8 5.055
10 5.050
12 5.056
14 5.061
16 5.049
18 5.047
20 5.131
22 5.131
24 5.054
2 5.053
4 5.043
6 5.047
8 5.290
10 5.066
12 5.055
14 5.049
16 5.052
18 5.171
20 5.058
22 5.052
24 5.052
2 5.055
4 5.355
6 5.059
8 5.060
10 5.050
12 5.056
14 5.049
16 5.065
18 5.173
20 5.057
22 9.006
24 5.051
2 5.061
4 5.046
6 5.045
8 5.043
10 5.049
12 5.061
14 5.052
16 5.046
18 8.677
20 5.052
22 5.046
24 9.093
2 8.978
4 8.579
6 5.052
8 5.053
10 5.428
12 5.089
14 8.411
16 5.051
18 9.925
20 5.068
22 5.044
24 5.053
2 5.054
4 5.054
6 5.054
8 5.053
10 8.042
12 5.049
14 5.047
16 5.055
18 5.065
20 8.985
22 9.407
24 8.554
2 5.194
4 7.579
6 5.046
8 5.061
10 8.575
12 5.531
14 5.992
16 6.731
18 5.056
20 5.050
22 5.056
24 5.054
