2 19219.254
4 19144.465
6 19159.898
8 19160.961
10 19173.630
12 19156.648
14 19227.734
16 19142.328
18 19216.794
20 19151.048
22 19157.281
24 19182.576
2 19165.001
4 19179.594
6 19207.400
8 19204.049
10 19162.670
12 19219.901
14 19239.906
16 19190.311
18 19194.380
20 19210.937
22 19129.905
24 19187.433
2 19206.219
4 19145.016
6 19212.406
8 19167.854
10 19159.583
12 19169.526
14 19173.030
16 19174.587
18 19231.487
20 19168.943
22 19209.284
24 19214.712
2 19140.675
4 19168.046
6 19156.406
8 19143.708
10 19155.003
12 19203.974
14 19168.232
16 19181.447
18 19154.647
20 19188.501
22 19174.405
24 19210.587
2 19181.345
4 19146.258
6 19168.403
8 19165.410
10 19150.246
12 19185.464
14 19152.009
16 19219.083
18 19187.510
20 19180.892
22 19188.095
24 19159.900
2 19199.799
4 19158.403
6 19156.433
8 19161.933
10 19182.652
12 19175.314
14 19178.925
16 19142.503
18 19164.895
20 19209.896
22 19184.021
24 19155.867
2 19186.993
4 19160.253
6 19176.702
8 19184.847
10 19204.275
12 19148.324
14 19212.456
16 19171.327
18 19170.496
20 19144.220
22 19200.709
24 19181.546
2 19182.667
4 19220.896
6 19156.093
8 19173.784
10 19149.715
12 19147.754
14 19145.143
16 19148.196
18 19159.710
20 19161.022
22 19165.418
24 19154.310
2 19150.089
4 19163.185
6 19171.159
8 19242.065
10 19190.748
12 19192.925
14 19206.271
16 19197.840
18 19155.097
20 19206.072
22 19175.048
24 19153.821
2 19184.900
4 19152.751
6 19177.612
8 19188.938
10 19150.414
12 19174.291
14 19176.475
16 19227.570
18 19245.457
20 19152.788
22 19205.301
24 19167.016
