2 12287.583
4 6612.524
6 4479.410
8 3407.283
10 2765.165
12 2384.891
14 2448.561
16 4433.455
18 7177.746
20 6631.771
22 7330.864
24 8935.512
2 12323.428
4 6630.116
6 4449.876
8 3387.543
10 2747.475
12 2376.344
14 2443.212
16 4562.701
18 5443.344
20 6254.250
22 7170.075
24 8553.226
2 12349.842
4 6624.122
6 4426.319
8 3410.976
10 2773.507
12 2405.456
14 2408.535
16 4395.549
18 5640.164
20 6414.565
22 7468.353
24 8474.575
2 12281.975
4 6593.976
6 4515.288
8 3358.091
10 2807.589
12 2380.064
14 2534.497
16 4313.915
18 5807.882
20 6764.974
22 7882.681
24 8960.124
2 12360.347
4 6642.808
6 4437.299
8 3364.705
10 2769.577
12 2450.358
14 2485.749
16 4234.826
18 5553.885
20 8741.553
22 7434.941
24 8413.614
2 12299.029
4 6606.294
6 4419.041
8 3367.725
10 2747.403
12 2369.816
14 2379.481
16 4973.758
18 6075.266
20 8587.344
22 7728.395
24 8942.648
2 12285.754
4 6621.160
6 4444.432
8 3361.124
10 2749.258
12 2368.640
14 2470.699
16 5374.786
18 5576.401
20 6641.951
22 7396.283
24 8961.222
2 12300.408
4 6634.998
6 4473.785
8 3395.264
10 2774.063
12 2439.252
14 2495.954
16 4152.413
18 5709.497
20 7174.438
22 7744.246
24 7597.354
2 12337.824
4 6601.165
6 4475.340
8 3394.035
10 2759.384
12 2378.531
14 2427.757
16 4139.972
18 5813.771
20 6872.862
22 8737.859
24 11055.442
2 12265.029
4 6592.583
6 4463.352
8 3390.656
10 2743.045
12 2361.839
14 2423.505
16 5495.909
18 5722.190
20 6953.012
22 7419.582
24 8788.659
