2 18491.261
4 9260.683
6 6466.000
8 4864.656
10 4272.100
12 3592.840
14 3386.893
16 3200.141
18 3073.136
20 3047.078
22 3050.360
24 3183.807
2 18084.046
4 9302.163
6 6472.341
8 4875.484
10 4268.276
12 3563.283
14 3375.437
16 3191.953
18 3040.310
20 3083.761
22 3045.202
24 3213.828
2 18513.941
4 9268.636
6 6471.634
8 4882.265
10 4242.866
12 3550.527
14 3398.910
16 3146.942
18 3075.870
20 3036.974
22 3029.249
24 3164.388
2 18714.301
4 9273.072
6 6537.208
8 4891.928
10 4287.128
12 3570.735
14 3394.509
16 3142.844
18 3064.998
20 3065.247
22 3062.331
24 3193.261
2 18701.193
4 9308.913
6 6466.131
8 4865.008
10 4285.997
12 3558.801
14 3393.442
16 3210.931
18 3107.117
20 3075.262
22 3035.309
24 3082.634
2 19147.271
4 9326.215
6 6471.046
8 4866.043
10 4296.250
12 3543.072
14 3390.147
16 3216.803
18 3073.915
20 3049.883
22 3027.194
24 3193.606
2 18508.839
4 9301.544
6 6478.390
8 4880.069
10 4259.104
12 3546.790
14 3402.444
16 3135.929
18 3119.255
20 3057.836
22 3040.753
24 3193.571
2 17947.128
4 9336.146
6 6449.703
8 4897.548
10 4257.376
12 3611.607
14 3399.539
16 3204.654
18 3068.470
20 3052.719
22 3050.773
24 3091.415
2 17977.653
4 9351.849
6 6471.217
8 4891.254
10 4258.725
12 3579.642
14 3396.823
16 3191.687
18 3099.213
20 3076.501
22 3034.244
24 3058.440
2 18418.341
4 9267.452
6 6439.865
8 4883.137
10 4237.630
12 3596.815
14 3393.376
16 3160.295
18 3112.629
20 3073.982
22 3032.195
24 3241.195
