2 11835.440
4 6387.066
6 4286.071
8 3246.065
10 2680.125
12 2405.142
14 3349.606
16 5059.716
18 6094.352
20 6935.431
22 7685.615
24 8791.089
2 11833.657
4 6348.730
6 4301.875
8 3266.718
10 2685.164
12 2440.953
14 3087.663
16 5048.431
18 5961.663
20 6932.001
22 7390.928
24 8722.549
2 11870.204
4 6378.621
6 4296.803
8 3279.017
10 2649.567
12 2374.651
14 3585.633
16 5043.275
18 5198.336
20 6878.691
22 7612.541
24 10720.438
2 11856.099
4 6362.834
6 4278.075
8 3258.522
10 2691.742
12 2385.230
14 3488.373
16 5025.652
18 6010.425
20 6887.778
22 7905.945
24 8417.297
2 11846.900
4 6370.445
6 4311.995
8 3280.600
10 2700.228
12 2365.500
14 3257.961
16 5242.361
18 6112.643
20 7051.566
22 7137.933
24 7880.606
2 11815.701
4 6375.615
6 4302.577
8 3282.186
10 2658.295
12 2410.990
14 3492.559
16 5017.855
18 5775.503
20 6774.816
22 7573.633
24 8776.865
2 11825.583
4 6335.946
6 4274.028
8 3262.032
10 2693.551
12 2341.051
14 3411.037
16 5085.780
18 5987.591
20 7174.093
22 7464.843
24 8285.763
2 11824.236
4 6365.707
6 4295.282
8 3286.489
10 2682.627
12 2399.962
14 3224.456
16 5069.539
18 6283.160
20 6900.485
22 7859.549
24 8815.931
2 11842.604
4 6352.185
6 4293.923
8 3278.689
10 2690.255
12 2381.411
14 2618.439
16 5193.479
18 6085.595
20 6896.679
22 7497.509
24 8870.903
2 11843.175
4 6356.178
6 4294.639
8 3274.188
10 2676.324
12 2410.060
14 3176.225
16 5103.589
18 5738.401
20 6846.130
22 7511.164
24 8604.739
