2 16150.199
4 15505.000
6 16167.780
8 15932.096
10 16146.480
12 15998.212
14 15902.126
16 15829.259
18 16067.018
20 16148.602
22 15672.062
24 16108.625
2 15903.360
4 16056.603
6 16277.534
8 16166.199
10 15739.836
12 16139.801
14 16042.682
16 15688.197
18 16024.272
20 16165.882
22 15801.334
24 15721.859
2 15953.198
4 15568.293
6 15786.081
8 15635.486
10 15422.729
12 15386.232
14 15467.625
16 15681.485
18 15711.972
20 16062.761
22 16055.037
24 15948.536
2 15786.596
4 16111.042
6 15866.734
8 15757.460
10 15754.460
12 15762.717
14 15613.184
16 15804.021
18 15987.626
20 16005.764
22 15633.728
24 16133.503
2 15802.239
4 16118.928
6 16031.118
8 15725.463
10 15744.311
12 15986.902
14 15752.838
16 15682.314
18 15777.734
20 16046.706
22 16150.654
24 15988.104
2 16077.988
4 16012.729
6 16123.970
8 15965.698
10 16018.905
12 16188.333
14 16080.948
16 15875.416
18 15739.713
20 16041.673
22 15782.672
24 15645.837
2 15818.372
4 15803.493
6 15910.636
8 15859.416
10 16166.608
12 15887.273
14 15813.421
16 16110.759
18 15806.731
20 16230.289
22 16216.426
24 15368.532
2 15826.052
4 16070.778
6 15922.266
8 16052.011
10 16019.179
12 16110.617
14 16076.154
16 16157.025
18 15579.387
20 16122.609
22 15960.785
24 15644.613
2 15623.802
4 16177.898
6 16146.469
8 15730.425
10 16107.591
12 16140.829
14 15818.915
16 16023.200
18 15967.925
20 16165.841
22 16034.111
24 16048.105
2 15815.205
4 15672.818
6 15965.509
8 15928.477
10 15684.111
12 16070.035
14 16010.043
16 15880.214
18 16135.954
20 16041.488
22 16028.719
24 15523.766
