2 22928.969
4 22902.786
6 22920.918
8 22926.025
10 22974.594
12 22855.075
14 22863.196
16 22924.064
18 22947.349
20 22916.886
22 22970.383
24 22857.317
2 22921.664
4 22922.867
6 22862.241
8 22915.063
10 22916.397
12 22911.376
14 22929.184
16 22925.405
18 22910.079
20 22994.021
22 23635.903
24 22895.662
2 22916.072
4 22920.105
6 22856.159
8 22891.742
10 22909.562
12 22925.333
14 22921.705
16 22848.409
18 22922.277
20 22911.939
22 22909.433
24 22912.967
2 22916.098
4 22973.732
6 22900.806
8 22907.196
10 22926.334
12 22894.233
14 22907.051
16 22908.138
18 22952.894
20 22946.325
22 22965.432
24 22954.447
2 22937.048
4 22937.926
6 22939.309
8 22923.064
10 22942.651
12 22972.585
14 22910.508
16 22930.248
18 22913.512
20 22883.839
22 22901.986
24 22953.313
2 22914.912
4 22852.683
6 22922.181
8 22913.633
10 22933.527
12 22903.117
14 22930.528
16 22945.384
18 22933.784
20 22915.608
22 22922.816
24 22948.016
2 22852.264
4 22873.646
6 22911.764
8 22915.752
10 22918.162
12 22943.095
14 22845.648
16 22846.849
18 22922.492
20 22921.222
22 22912.864
24 22912.049
2 22966.366
4 22923.601
6 22911.979
8 22909.489
10 22951.168
12 22914.049
14 22905.502
16 22928.532
18 22839.588
20 22867.523
22 22907.034
24 22909.592
2 22906.710
4 22914.033
6 22842.674
8 22915.575
10 22851.878
12 22866.728
14 22951.627
16 22842.105
18 22846.570
20 22939.133
22 22910.055
24 22914.077
2 22908.268
4 22923.887
6 22841.367
8 22856.117
10 22906.903
12 22908.517
14 22954.278
16 22869.172
18 22933.191
20 22931.547
22 22931.250
24 22913.176
