2 11930.520
4 6063.661
6 4427.830
8 3079.773
10 3004.366
12 2308.601
14 2294.178
16 2238.061
18 2225.123
20 2249.342
22 2246.959
24 2226.853
2 11984.582
4 6046.661
6 4425.270
8 3129.715
10 2975.758
12 2403.303
14 2282.205
16 2293.434
18 2340.470
20 2237.420
22 2243.903
24 2480.616
2 11957.750
4 6036.868
6 4423.610
8 3116.083
10 2967.486
12 2497.578
14 2283.266
16 2252.620
18 2239.045
20 2277.898
22 2226.367
24 2443.019
2 11998.578
4 6021.609
6 4412.437
8 3122.512
10 3019.537
12 2475.877
14 2279.541
16 2254.964
18 2236.309
20 2229.738
22 2219.998
24 2246.427
2 11904.864
4 6038.614
6 4440.888
8 3115.114
10 2987.869
12 2333.443
14 2386.912
16 2241.805
18 2238.521
20 2278.290
22 2242.726
24 2254.050
2 11996.102
4 6072.389
6 4444.928
8 3079.394
10 2983.531
12 2306.115
14 2310.997
16 2248.888
18 2242.988
20 2351.920
22 2226.430
24 2260.845
2 11951.054
4 6046.914
6 4439.738
8 3131.443
10 2989.660
12 2411.486
14 2293.700
16 2275.177
18 2331.834
20 2241.649
22 2250.631
24 2459.286
2 11978.439
4 6027.716
6 4439.103
8 3166.827
10 3004.941
12 2315.159
14 2287.674
16 2262.922
18 2300.286
20 2229.561
22 2235.097
24 2453.280
2 12103.326
4 6036.272
6 4437.007
8 3131.755
10 2984.221
12 2416.213
14 2282.353
16 2260.914
18 2248.597
20 2220.656
22 2227.440
24 2414.522
2 11920.720
4 6036.870
6 4444.100
8 3106.656
10 2969.059
12 2409.468
14 2339.513
16 2268.642
18 2329.600
20 2246.029
22 2237.646
24 2255.611
