2 7388.070
4 3841.468
6 2642.053
8 2019.000
10 1628.245
12 1446.993
14 1972.410
16 1752.002
18 1554.190
20 1344.504
22 1187.932
24 1149.257
2 7391.058
4 3851.567
6 2603.895
8 2036.815
10 1634.951
12 1438.574
14 1980.753
16 1819.246
18 1568.800
20 1294.483
22 1223.897
24 1332.734
2 7320.954
4 3792.322
6 2635.398
8 2037.301
10 1643.625
12 1778.832
14 1985.500
16 1758.199
18 1499.101
20 1339.449
22 1211.524
24 1132.919
2 7534.078
4 3853.503
6 2655.977
8 2000.748
10 1648.667
12 1564.279
14 1977.491
16 1744.296
18 1491.196
20 1343.156
22 1196.103
24 1131.986
2 7300.521
4 3888.739
6 2612.185
8 2030.033
10 1597.822
12 1385.259
14 1969.500
16 1705.616
18 1561.111
20 1350.598
22 1223.529
24 1128.042
2 7376.953
4 3870.915
6 2623.579
8 2019.540
10 1689.401
12 1573.922
14 1992.450
16 1756.474
18 1542.642
20 1313.490
22 1229.309
24 1150.255
2 7543.166
4 3824.596
6 2627.285
8 2031.625
10 1711.228
12 1475.335
14 1976.647
16 1753.214
18 1471.902
20 1296.292
22 1238.308
24 1131.640
2 7534.353
4 3864.868
6 2646.500
8 1985.085
10 1643.462
12 1455.209
14 1976.668
16 1572.158
18 1558.124
20 1317.361
22 1195.304
24 1139.262
2 7581.717
4 3823.785
6 2607.358
8 2002.557
10 1683.887
12 1457.373
14 1989.540
16 1767.118
18 1501.536
20 1330.735
22 1213.089
24 1328.257
2 7532.137
4 3847.832
6 2612.232
8 1981.630
10 1617.223
12 1496.964
14 1973.689
16 1742.576
18 1556.005
20 1295.129
22 1201.138
24 1116.748
