2 16569.964
4 16633.217
6 16540.606
8 16573.234
10 16579.902
12 16543.280
14 16535.586
16 16536.698
18 16597.361
20 16569.337
22 16530.134
24 16538.982
2 16536.756
4 16616.318
6 16551.419
8 16516.294
10 16536.537
12 16565.861
14 16534.390
16 16555.139
18 16524.678
20 16564.026
22 16595.228
24 16541.683
2 16528.316
4 16529.761
6 16535.234
8 16562.568
10 16537.298
12 16542.470
14 16536.136
16 16539.412
18 16580.269
20 16551.740
22 16541.666
24 16534.253
2 16593.476
4 16561.929
6 16546.206
8 16538.919
10 16566.130
12 16528.468
14 16539.888
16 16561.539
18 16553.572
20 16576.818
22 16582.105
24 16547.099
2 16553.323
4 16541.861
6 16579.289
8 16572.891
10 16569.467
12 16544.467
14 16599.978
16 16611.468
18 16524.415
20 16585.143
22 16565.459
24 16528.739
2 16623.273
4 16538.310
6 16531.245
8 16533.077
10 16529.849
12 16542.118
14 16554.966
16 16515.111
18 16535.754
20 16536.680
22 16530.339
24 16538.276
2 16572.338
4 16564.104
6 16548.466
8 16560.135
10 16535.183
12 16542.309
14 16532.355
16 16540.129
18 16524.396
20 16611.416
22 16542.917
24 16534.817
2 16525.990
4 16531.919
6 16544.051
8 16534.189
10 16529.830
12 16551.873
14 16599.053
16 16535.575
18 16530.107
20 16594.415
22 16536.095
24 16535.138
2 16535.824
4 16515.842
6 16540.244
8 16534.856
10 16523.943
12 16535.355
14 16515.375
16 16550.198
18 16531.187
20 16538.746
22 16538.972
24 16513.406
2 16542.408
4 16559.688
6 16588.422
8 16538.580
10 16539.601
12 16532.844
14 16531.319
16 16556.788
18 16538.889
20 16543.460
22 16573.793
24 16531.274
