2 11806.463
4 6378.592
6 4299.679
8 3230.634
10 2666.007
12 2343.783
14 3473.647
16 5335.279
18 6252.809
20 6863.447
22 7624.979
24 8966.834
2 11803.748
4 6326.905
6 4273.460
8 3262.497
10 2659.654
12 2375.557
14 2476.724
16 5016.821
18 6114.238
20 6922.069
22 7811.182
24 8452.514
2 11770.213
4 6337.246
6 4280.383
8 3246.119
10 2661.482
12 2324.672
14 3132.718
16 4728.623
18 6130.199
20 6657.884
22 7680.732
24 9024.056
2 11778.292
4 6334.771
6 4274.287
8 3258.276
10 2657.838
12 2361.632
14 3063.628
16 5295.048
18 6336.386
20 7254.410
22 7152.850
24 8582.872
2 11813.501
4 6332.721
6 4261.613
8 3246.102
10 2659.343
12 2342.009
14 3240.007
16 5148.019
18 5835.746
20 6894.366
22 7635.892
24 8738.985
2 11828.122
4 6321.828
6 4255.453
8 3248.481
10 2664.118
12 2387.628
14 3498.332
16 4853.610
18 6134.580
20 6837.394
22 7484.449
24 8307.001
2 11781.291
4 6301.633
6 4281.031
8 3234.261
10 2667.479
12 2388.663
14 3217.162
16 5081.709
18 6301.813
20 7196.087
22 7462.390
24 8169.761
2 11784.791
4 6329.930
6 4266.159
8 3269.895
10 2673.405
12 2316.631
14 2546.413
16 5138.335
18 5938.022
20 6765.557
22 7828.773
24 8687.116
2 11782.195
4 6348.485
6 4253.641
8 3253.569
10 2643.478
12 2318.462
14 3329.063
16 4962.039
18 6291.461
20 7075.545
22 7869.692
24 8413.343
2 11799.678
4 6341.381
6 4269.014
8 3251.692
10 2645.142
12 2329.995
14 3271.819
16 5172.446
18 6396.756
20 6831.750
22 7948.393
24 8347.333
