2 18804.381
4 10273.927
6 5973.710
8 4981.341
10 5796.091
12 3896.127
14 4040.162
16 3141.751
18 3489.775
20 3229.582
22 3478.222
24 3253.395
2 18761.840
4 8913.472
6 6682.011
8 4302.800
10 4457.285
12 4053.325
14 4476.552
16 3171.526
18 3159.749
20 3269.583
22 3151.418
24 3480.063
2 18473.497
4 10412.511
6 8632.235
8 5784.282
10 5092.387
12 3507.612
14 3940.445
16 3130.623
18 3185.523
20 3374.670
22 3323.637
24 3259.521
2 18663.693
4 8979.831
6 6539.906
8 5375.432
10 4247.749
12 4260.144
14 4412.176
16 3181.699
18 3202.104
20 3096.468
22 3502.405
24 3777.471
2 18617.654
4 9916.490
6 6555.683
8 4901.522
10 5322.973
12 3883.684
14 4135.092
16 3247.332
18 3121.867
20 3141.458
22 3234.809
24 3361.938
2 18654.322
4 8812.585
6 6150.075
8 5627.302
10 4373.605
12 4193.968
14 4418.593
16 3244.799
18 3190.030
20 3456.293
22 3208.803
24 3327.563
2 18977.930
4 8711.943
6 6635.370
8 4592.527
10 4699.947
12 4274.135
14 4039.449
16 3157.367
18 3239.223
20 3543.840
22 3164.467
24 3427.179
2 18690.892
4 10182.092
6 7101.378
8 5584.550
10 4532.112
12 3363.732
14 4015.549
16 3155.486
18 3421.870
20 3266.353
22 3385.855
24 3362.581
2 18266.770
4 10866.524
6 7558.313
8 5267.350
10 4735.142
12 3910.392
14 4056.883
16 3115.368
18 3347.507
20 3212.587
22 3031.851
24 3076.024
2 18469.024
4 9961.220
6 7271.923
8 4806.917
10 5154.496
12 4164.548
14 4373.821
16 3006.304
18 3262.405
20 3129.323
22 3133.062
24 3354.762
