2 64.369
4 64.370
6 64.375
8 64.368
10 64.367
12 64.378
14 64.531
16 64.383
18 64.352
20 64.388
22 64.379
24 64.383
2 64.359
4 64.375
6 64.416
8 64.366
10 64.341
12 64.389
14 64.392
16 64.381
18 64.309
20 64.337
22 64.382
24 64.370
2 64.360
4 64.349
6 64.385
8 64.364
10 64.383
12 64.362
14 64.327
16 64.357
18 64.405
20 64.400
22 64.398
24 64.311
2 64.401
4 64.386
6 64.402
8 64.413
10 64.368
12 64.405
14 64.387
16 64.389
18 64.390
20 64.387
22 64.391
24 64.344
2 64.388
4 64.393
6 64.413
8 64.378
10 64.403
12 64.385
14 64.390
16 64.388
18 64.327
20 64.379
22 64.419
24 64.363
2 64.404
4 64.337
6 64.375
8 64.380
10 64.400
12 64.395
14 64.337
16 64.421
18 64.402
20 64.412
22 64.358
24 64.395
2 64.401
4 64.429
6 64.434
8 64.404
10 64.388
12 64.342
14 64.337
16 64.403
18 64.409
20 64.420
22 64.327
24 64.413
2 64.388
4 64.329
6 64.367
8 64.377
10 64.413
12 64.368
14 64.360
16 64.401
18 64.396
20 64.401
22 64.400
24 64.408
2 64.410
4 64.382
6 64.403
8 64.392
10 64.384
12 64.404
14 64.381
16 64.390
18 64.372
20 64.394
22 64.344
24 64.401
2 64.394
4 64.417
6 64.385
8 64.395
10 64.383
12 64.333
14 64.399
16 64.385
18 64.404
20 64.372
22 64.407
24 64.395
