2 22918.207
4 22906.208
6 22905.958
8 22923.078
10 22915.000
12 22924.216
14 22915.353
16 22942.141
18 22951.649
20 22900.516
22 22923.405
24 22923.665
2 22945.659
4 22920.532
6 22907.557
8 22949.975
10 22986.587
12 22939.771
14 22905.480
16 22948.531
18 22957.192
20 22913.397
22 22956.014
24 22909.008
2 22914.182
4 22951.838
6 22982.376
8 22911.083
10 22949.593
12 22947.891
14 22944.594
16 22920.082
18 22921.162
20 22919.999
22 23021.290
24 22950.622
2 22912.102
4 22929.898
6 22948.759
8 22973.365
10 22924.847
12 22945.423
14 22912.040
16 22998.645
18 22924.577
20 22992.095
22 22955.983
24 22915.677
2 22925.362
4 22930.907
6 22925.733
8 22922.153
10 22933.281
12 22929.134
14 22951.038
16 22920.856
18 22914.671
20 22960.424
22 22910.057
24 22939.180
2 22946.373
4 22921.752
6 22953.141
8 22945.913
10 22945.666
12 22915.380
14 22930.291
16 22941.098
18 22919.422
20 22924.870
22 22904.037
24 22978.758
2 22920.972
4 22923.392
6 22922.022
8 22946.608
10 22960.433
12 22927.798
14 22917.155
16 22945.721
18 22924.837
20 22925.885
22 22939.375
24 22962.017
2 22941.843
4 22915.805
6 22955.432
8 22928.729
10 22919.067
12 22914.677
14 22918.217
16 23047.461
18 22913.421
20 22983.723
22 22921.996
24 22922.656
2 22924.886
4 23019.932
6 22926.445
8 22891.310
10 22925.572
12 22913.343
14 22920.204
16 22920.645
18 22981.176
20 22925.066
22 22954.999
24 22901.660
2 22926.491
4 22920.992
6 22980.170
8 22999.864
10 22933.380
12 22957.950
14 22900.327
16 22972.856
18 22949.048
20 22948.701
22 22960.242
24 22919.463
