2 20754.626
4 20782.718
6 20801.259
8 20727.782
10 20778.868
12 20778.033
14 20825.390
16 20736.343
18 20783.286
20 20832.939
22 20831.448
24 20746.903
2 20785.732
4 20788.716
6 20758.722
8 20771.459
10 20819.604
12 20779.220
14 20886.348
16 20791.442
18 20732.488
20 20785.008
22 20799.999
24 20804.726
2 20777.898
4 20793.163
6 20870.946
8 20781.127
10 20788.901
12 20787.969
14 20845.213
16 20743.878
18 20757.620
20 20782.065
22 20793.122
24 20844.061
2 20795.064
4 20763.995
6 20813.182
8 20773.705
10 20782.052
12 20803.175
14 20810.344
16 20779.656
18 20787.663
20 20789.138
22 20779.171
24 20859.153
2 20772.613
4 20791.709
6 20766.294
8 20809.088
10 20785.319
12 20819.036
14 20787.991
16 20774.086
18 20777.745
20 20787.207
22 20857.767
24 20792.626
2 20818.985
4 20797.810
6 20790.663
8 20786.572
10 20770.470
12 20848.086
14 20790.562
16 20814.725
18 20820.372
20 20791.209
22 20756.199
24 20788.561
2 20751.634
4 20785.987
6 20826.865
8 20798.060
10 20822.714
12 20787.830
14 20784.877
16 20779.683
18 20782.278
20 20752.462
22 20768.465
24 20777.416
2 20824.056
4 20791.237
6 20825.927
8 20798.364
10 20811.453
12 20783.844
14 20817.938
16 20773.759
18 20782.500
20 20817.134
22 20803.816
24 20777.583
2 20791.623
4 20829.471
6 20780.876
8 20843.785
10 20786.331
12 20770.830
14 20781.021
16 20787.318
18 20771.681
20 20802.691
22 20780.612
24 20761.391
2 20792.610
4 20800.856
6 20787.018
8 20827.542
10 20799.764
12 20846.589
14 20748.694
16 20795.733
18 20810.943
20 20793.298
22 20798.575
24 20791.189
