2 9112.747
4 4620.222
6 3123.437
8 2363.780
10 1929.021
12 1675.568
14 1949.875
16 1731.995
18 1559.709
20 1388.084
22 1287.243
24 1190.278
2 9118.855
4 4626.285
6 3109.182
8 2362.893
10 1905.576
12 1729.487
14 1943.612
16 1719.600
18 1551.329
20 1408.705
22 1282.909
24 1425.431
2 9111.258
4 4621.298
6 3116.557
8 2358.587
10 1919.865
12 1720.334
14 1942.515
16 1728.376
18 1545.166
20 1393.584
22 1290.286
24 1190.722
2 9111.173
4 4625.945
6 3123.181
8 2379.773
10 1897.040
12 1590.985
14 1973.521
16 1728.810
18 1538.094
20 1413.370
22 1298.531
24 1191.058
2 9111.427
4 4620.554
6 3091.938
8 2361.679
10 1872.692
12 1602.220
14 1952.735
16 1732.286
18 1546.923
20 1405.032
22 1287.346
24 1428.496
2 9129.232
4 4634.155
6 3101.040
8 2357.332
10 1893.656
12 1709.056
14 1943.395
16 1726.337
18 1551.954
20 1392.416
22 1288.456
24 1220.694
2 9108.174
4 4644.297
6 3111.630
8 2359.573
10 1892.481
12 1673.819
14 1946.328
16 1726.572
18 1560.436
20 1405.342
22 1285.397
24 1209.581
2 9111.544
4 4625.223
6 3138.287
8 2340.912
10 1924.950
12 1589.597
14 1944.170
16 1732.113
18 1542.757
20 1399.890
22 1292.453
24 1190.529
2 9111.405
4 4628.353
6 3112.620
8 2357.623
10 1892.158
12 1771.117
14 1941.382
16 1747.763
18 1628.214
20 1390.604
22 1287.909
24 1428.080
2 9100.628
4 4620.485
6 3113.331
8 2353.573
10 1904.010
12 1626.921
14 1936.670
16 1734.192
18 1552.605
20 1400.855
22 1294.741
24 1205.428
