2 11691.753
4 5903.275
6 4343.873
8 3013.476
10 2959.014
12 2455.000
14 2969.088
16 2276.150
18 2285.576
20 2296.574
22 2274.132
24 2250.308
2 11699.584
4 5849.332
6 4353.997
8 2966.405
10 2954.060
12 2362.837
14 2933.684
16 2273.645
18 2309.990
20 2284.716
22 2270.543
24 2282.839
2 11665.213
4 5854.277
6 4357.014
8 3005.615
10 2900.938
12 2365.968
14 3014.317
16 2284.399
18 2295.393
20 2271.017
22 2262.237
24 2230.405
2 11705.800
4 5875.705
6 4508.781
8 2981.253
10 2923.959
12 2261.527
14 2975.081
16 2272.560
18 2283.828
20 2285.861
22 2277.523
24 2491.018
2 11670.598
4 5870.165
6 4372.001
8 2989.950
10 2920.740
12 2236.767
14 3056.518
16 2279.369
18 2282.808
20 2270.054
22 2295.575
24 2441.763
2 11671.769
4 5870.142
6 4360.614
8 2982.625
10 2930.584
12 2342.610
14 2932.221
16 2280.443
18 2290.678
20 2285.191
22 2274.092
24 2267.788
2 11657.540
4 5875.592
6 4331.478
8 3031.885
10 2892.913
12 2564.543
14 2888.167
16 2276.357
18 2287.489
20 2281.020
22 2276.307
24 2480.103
2 11683.181
4 5861.322
6 4337.450
8 2987.847
10 2917.181
12 2348.221
14 2978.394
16 2271.204
18 2277.239
20 2282.828
22 2272.236
24 2302.938
2 11682.760
4 5862.098
6 4343.773
8 2991.063
10 2931.404
12 2242.658
14 2951.421
16 2282.580
18 2278.617
20 2274.822
22 2263.936
24 2284.417
2 11668.564
4 5897.986
6 4330.137
8 2986.015
10 2923.873
12 2272.816
14 2971.520
16 2282.220
18 2271.580
20 2274.818
22 2277.266
24 2280.548
