2 12116.729
4 6539.024
6 4395.752
8 3338.648
10 2720.167
12 2406.112
14 3070.195
16 4161.001
18 5589.503
20 6903.329
22 8771.125
24 8398.607
2 12222.072
4 6487.186
6 4423.465
8 3352.569
10 2714.858
12 2371.989
14 3146.618
16 4463.975
18 5516.316
20 8694.211
22 7842.626
24 8147.405
2 13745.590
4 6540.624
6 4434.371
8 3341.016
10 2716.220
12 2467.339
14 2508.696
16 4299.570
18 5325.970
20 6726.607
22 7427.536
24 8796.951
2 12120.375
4 6518.085
6 4453.922
8 3350.317
10 2714.141
12 2406.212
14 2449.367
16 4093.523
18 5844.074
20 6586.557
22 7662.597
24 8607.216
2 12187.891
4 6574.248
6 4386.843
8 3331.362
10 2733.931
12 2360.486
14 3055.652
16 4372.080
18 5420.848
20 6513.919
22 7242.494
24 8401.231
2 12120.785
4 6564.598
6 4418.090
8 3350.807
10 2723.026
12 2351.577
14 2484.830
16 3946.189
18 5705.822
20 6258.378
22 7800.959
24 7769.952
2 12096.624
4 6530.939
6 4397.091
8 3369.405
10 2735.704
12 2381.767
14 2450.337
16 4311.760
18 7475.363
20 6625.104
22 7353.889
24 7908.147
2 12117.313
4 6506.632
6 4381.432
8 3347.337
10 2748.101
12 2348.109
14 2462.179
16 3587.964
18 5459.232
20 6617.714
22 7622.341
24 7965.539
2 12096.239
4 6560.838
6 4403.659
8 3336.548
10 2726.293
12 2360.660
14 3082.622
16 4095.040
18 5575.610
20 8750.232
22 7331.165
24 8858.833
2 12079.969
4 6524.031
6 4408.423
8 3330.732
10 2737.080
12 2376.129
14 2458.935
16 3922.546
18 5690.299
20 6669.429
22 7238.817
24 8190.550
