2 1725.070
4 1702.800
6 1735.641
8 1724.423
10 1744.489
12 1707.617
14 1717.689
16 1726.135
18 1718.899
20 1719.071
22 1722.878
24 1742.548
2 1702.416
4 1703.232
6 1720.268
8 1714.865
10 1727.008
12 1729.222
14 1702.956
16 1708.834
18 1725.911
20 1725.336
22 1726.162
24 1714.500
2 1721.358
4 1709.209
6 1709.801
8 1724.590
10 1700.236
12 1702.457
14 1722.268
16 1718.207
18 1720.636
20 1721.006
22 1710.149
24 1723.597
2 1719.448
4 1711.066
6 1715.844
8 1722.659
10 1724.750
12 1722.157
14 1721.543
16 1725.421
18 1722.565
20 1720.785
22 1722.506
24 1722.162
2 1724.865
4 1717.597
6 1722.392
8 1724.853
10 1713.660
12 1718.129
14 1719.718
16 1710.496
18 1728.781
20 1719.590
22 1721.693
24 1721.639
2 1722.096
4 1726.878
6 1735.314
8 1710.472
10 1722.304
12 1717.066
14 1724.687
16 1719.839
18 1701.141
20 1721.535
22 1721.949
24 1722.552
2 1718.864
4 1722.883
6 1726.093
8 1721.712
10 1720.888
12 1721.698
14 1717.903
16 1725.116
18 1724.434
20 1721.882
22 1722.080
24 1721.470
2 1725.253
4 1722.659
6 1727.624
8 1710.111
10 1721.926
12 1724.293
14 1710.164
16 1722.626
18 1722.945
20 1722.949
22 1724.307
24 1706.748
2 1720.651
4 1717.888
6 1722.100
8 1722.167
10 1713.649
12 1709.656
14 1721.208
16 1724.587
18 1726.144
20 1722.900
22 1743.021
24 1715.181
2 1786.823
4 1717.169
6 1723.170
8 1721.334
10 1725.617
12 1724.864
14 1705.026
16 1716.867
18 1717.747
20 1724.777
22 1720.740
24 1700.573
