2 949.980
4 537.007
6 371.844
8 290.054
10 237.392
12 236.274
14 362.216
16 557.257
18 615.067
20 736.370
22 765.903
24 1139.346
2 944.876
4 533.011
6 368.953
8 287.991
10 234.962
12 223.125
14 530.951
16 618.679
18 681.076
20 759.596
22 760.000
24 845.060
2 951.267
4 526.295
6 366.663
8 282.062
10 239.410
12 276.528
14 544.803
16 582.997
18 673.182
20 709.244
22 780.711
24 904.438
2 949.436
4 540.397
6 373.883
8 283.424
10 238.427
12 271.977
14 367.983
16 593.499
18 687.056
20 762.862
22 764.249
24 951.423
2 945.317
4 527.941
6 353.731
8 276.062
10 250.835
12 227.088
14 476.102
16 595.671
18 683.488
20 756.559
22 796.845
24 900.523
2 952.496
4 540.948
6 355.725
8 282.820
10 244.453
12 232.994
14 374.251
16 599.418
18 754.077
20 674.441
22 858.434
24 865.848
2 954.701
4 528.883
6 373.231
8 284.008
10 244.369
12 268.822
14 483.373
16 607.409
18 684.941
20 731.697
22 843.650
24 896.854
2 948.380
4 532.949
6 360.919
8 285.957
10 242.964
12 236.920
14 527.469
16 598.263
18 662.490
20 769.001
22 742.185
24 856.151
2 950.360
4 529.241
6 380.531
8 291.496
10 241.280
12 244.993
14 490.778
16 593.463
18 709.363
20 719.940
22 817.792
24 833.155
2 950.563
4 532.955
6 362.134
8 283.767
10 228.570
12 282.161
14 533.335
16 604.573
18 666.373
20 744.979
22 772.801
24 842.674
