2 1165.365
4 1135.042
6 1135.746
8 1127.806
10 1125.066
12 1118.437
14 1109.659
16 1123.794
18 1122.746
20 1129.858
22 1118.803
24 1125.986
2 1104.920
4 1126.467
6 1128.896
8 1126.415
10 1124.910
12 1117.794
14 1128.638
16 1126.356
18 1125.626
20 1123.075
22 1115.528
24 1106.270
2 1127.973
4 1106.338
6 1105.439
8 1121.742
10 1128.163
12 1128.662
14 1127.243
16 1122.127
18 1125.454
20 1127.155
22 1128.519
24 1105.222
2 1113.158
4 1126.688
6 1121.368
8 1126.310
10 1124.420
12 1120.982
14 1124.530
16 1124.585
18 1128.454
20 1129.341
22 1110.721
24 1124.348
2 1114.417
4 1125.388
6 1117.302
8 1129.339
10 1128.531
12 1125.251
14 1125.392
16 1125.610
18 1130.850
20 1148.955
22 1126.271
24 1103.090
2 1125.594
4 1125.761
6 1164.206
8 1129.743
10 1114.116
12 1122.050
14 1125.493
16 1124.924
18 1127.789
20 1107.758
22 1126.968
24 1124.340
2 1126.096
4 1131.394
6 1127.215
8 1129.332
10 1127.375
12 1121.204
14 1112.446
16 1125.996
18 1124.061
20 1116.463
22 1122.226
24 1123.316
2 1124.380
4 1116.912
6 1115.798
8 1125.788
10 1125.301
12 1113.723
14 1128.243
16 1113.868
18 1113.772
20 1106.572
22 1129.098
24 1123.787
2 1122.531
4 1113.404
6 1129.301
8 1108.532
10 1130.519
12 1124.789
14 1102.729
16 1123.372
18 1121.060
20 1121.620
22 1121.942
24 1133.020
2 1125.585
4 1120.390
6 1130.095
8 1120.531
10 1109.046
12 1129.809
14 1121.442
16 1120.927
18 1121.654
20 1164.776
22 1127.233
24 1124.107
