2 674.101
4 349.564
6 246.234
8 189.571
10 160.077
12 137.783
14 163.012
16 149.371
18 135.244
20 121.168
22 112.718
24 247.981
2 678.748
4 348.067
6 246.502
8 189.964
10 197.076
12 191.129
14 166.316
16 128.042
18 137.361
20 126.636
22 102.952
24 113.986
2 678.087
4 353.557
6 223.929
8 190.106
10 167.031
12 142.869
14 158.657
16 159.695
18 131.154
20 120.686
22 111.536
24 119.354
2 678.510
4 354.561
6 243.079
8 189.936
10 213.715
12 186.637
14 150.835
16 142.320
18 130.111
20 121.873
22 113.356
24 264.230
2 684.731
4 352.597
6 239.618
8 202.726
10 218.189
12 146.933
14 152.543
16 137.819
18 140.186
20 120.293
22 105.445
24 127.791
2 673.001
4 356.193
6 226.723
8 191.258
10 219.382
12 130.315
14 168.941
16 154.959
18 135.829
20 118.934
22 121.828
24 111.764
2 692.827
4 365.247
6 252.189
8 265.176
10 162.877
12 190.961
14 163.069
16 143.028
18 138.063
20 118.986
22 112.093
24 116.112
2 679.670
4 354.293
6 245.864
8 222.853
10 198.568
12 173.686
14 163.613
16 148.735
18 134.218
20 138.860
22 120.146
24 245.463
2 677.103
4 360.503
6 241.768
8 191.946
10 208.787
12 191.892
14 158.694
16 139.944
18 137.662
20 123.763
22 111.829
24 107.601
2 678.350
4 354.725
6 234.980
8 196.192
10 153.925
12 182.285
14 166.479
16 143.169
18 132.643
20 133.939
22 110.349
24 132.934
