2 6.507
4 6.500
6 6.474
8 6.515
10 6.489
12 6.513
14 6.467
16 6.464
18 6.467
20 6.476
22 6.508
24 6.493
2 6.510
4 6.496
6 6.513
8 6.471
10 6.475
12 6.467
14 6.501
16 6.492
18 6.469
20 6.510
22 6.508
24 6.474
2 6.505
4 6.476
6 6.471
8 6.504
10 6.508
12 6.470
14 6.472
16 6.512
18 6.512
20 6.472
22 6.461
24 6.470
2 6.468
4 6.469
6 6.503
8 6.504
10 6.506
12 6.497
14 6.468
16 6.476
18 6.474
20 6.467
22 6.470
24 6.512
2 6.469
4 6.488
6 6.485
8 6.471
10 6.470
12 6.517
14 6.468
16 6.514
18 6.459
20 6.469
22 6.463
24 6.477
2 6.465
4 6.505
6 6.472
8 6.486
10 6.482
12 6.487
14 6.484
16 6.469
18 6.506
20 6.468
22 6.473
24 6.502
2 6.472
4 6.502
6 6.479
8 6.468
10 6.507
12 6.523
14 6.486
16 6.471
18 6.470
20 6.511
22 6.526
24 6.477
2 6.516
4 6.505
6 6.510
8 6.463
10 6.506
12 6.469
14 6.507
16 6.468
18 6.476
20 6.472
22 6.472
24 6.475
2 6.475
4 6.513
6 6.504
8 6.487
10 6.508
12 6.481
14 6.477
16 6.508
18 6.466
20 6.475
22 6.473
24 6.529
2 6.502
4 6.473
6 6.506
8 6.477
10 6.475
12 6.505
14 6.512
16 6.465
18 6.484
20 6.464
22 6.506
24 6.514
