2 1051.666
4 529.389
6 363.914
8 274.641
10 220.168
12 199.211
14 190.144
16 174.104
18 160.881
20 157.505
22 149.960
24 156.344
2 1049.700
4 537.220
6 362.897
8 273.424
10 232.488
12 197.204
14 185.362
16 178.404
18 163.530
20 163.703
22 159.167
24 151.404
2 1035.860
4 534.470
6 365.349
8 278.929
10 226.155
12 212.339
14 186.454
16 175.664
18 171.284
20 155.394
22 144.944
24 148.586
2 1005.428
4 532.742
6 355.336
8 275.333
10 220.434
12 196.237
14 182.254
16 179.229
18 161.668
20 157.879
22 157.174
24 177.346
2 1009.626
4 547.630
6 364.738
8 279.692
10 250.867
12 196.696
14 202.403
16 172.494
18 170.428
20 156.567
22 148.616
24 146.972
2 1049.628
4 541.049
6 354.348
8 282.165
10 221.386
12 210.743
14 180.783
16 173.586
18 157.922
20 155.409
22 152.676
24 145.006
2 1008.601
4 532.297
6 358.788
8 284.421
10 227.511
12 200.450
14 186.785
16 176.910
18 168.694
20 153.698
22 153.219
24 148.483
2 1063.821
4 531.149
6 361.874
8 265.145
10 226.754
12 199.008
14 182.895
16 170.097
18 163.221
20 157.326
22 154.223
24 150.123
2 1013.229
4 517.972
6 352.313
8 278.392
10 229.220
12 200.725
14 184.432
16 166.375
18 163.056
20 154.295
22 155.045
24 144.929
2 1027.101
4 617.839
6 356.592
8 260.340
10 221.471
12 186.734
14 187.304
16 173.013
18 166.417
20 147.902
22 151.563
24 149.672
