2 1344.055
4 702.721
6 484.519
8 363.827
10 301.592
12 260.598
14 251.757
16 238.464
18 230.404
20 222.489
22 219.417
24 202.753
2 1408.793
4 709.108
6 473.815
8 365.810
10 304.818
12 280.613
14 243.040
16 234.763
18 223.993
20 220.537
22 207.813
24 231.004
2 1319.361
4 700.849
6 490.713
8 367.216
10 301.047
12 275.564
14 271.181
16 242.143
18 230.388
20 222.386
22 215.667
24 216.604
2 1333.631
4 699.417
6 481.736
8 355.449
10 292.273
12 265.530
14 244.091
16 239.051
18 228.349
20 223.488
22 216.005
24 209.439
2 1294.019
4 686.466
6 467.711
8 363.166
10 302.502
12 269.151
14 295.233
16 237.402
18 232.228
20 277.262
22 219.874
24 211.373
2 1396.040
4 719.630
6 504.064
8 365.108
10 335.588
12 278.653
14 254.046
16 240.119
18 229.914
20 217.956
22 215.416
24 201.508
2 1384.288
4 676.586
6 470.835
8 369.806
10 298.888
12 266.572
14 251.900
16 228.550
18 227.094
20 221.114
22 215.757
24 214.230
2 1381.911
4 698.554
6 471.466
8 364.155
10 297.230
12 255.970
14 285.623
16 247.208
18 229.100
20 225.722
22 219.179
24 210.524
2 1391.496
4 693.841
6 481.365
8 358.779
10 337.523
12 271.374
14 252.409
16 236.816
18 228.464
20 210.709
22 211.368
24 214.099
2 1312.354
4 662.036
6 486.785
8 349.101
10 299.116
12 259.060
14 248.544
16 238.292
18 229.259
20 218.912
22 217.526
24 227.273
