2 954.736
4 535.042
6 351.320
8 290.268
10 224.056
12 297.757
14 473.683
16 543.150
18 663.919
20 737.585
22 829.128
24 976.511
2 948.931
4 517.912
6 365.811
8 275.530
10 246.252
12 223.962
14 571.309
16 571.929
18 793.368
20 740.738
22 804.491
24 878.866
2 940.837
4 531.533
6 368.254
8 283.943
10 238.952
12 222.145
14 236.622
16 564.735
18 636.188
20 703.355
22 770.916
24 893.173
2 961.434
4 529.485
6 360.619
8 294.652
10 239.914
12 216.874
14 465.319
16 559.199
18 654.364
20 722.750
22 781.680
24 863.373
2 948.391
4 546.350
6 369.347
8 288.857
10 243.143
12 228.097
14 469.526
16 560.713
18 599.098
20 708.433
22 763.999
24 835.919
2 952.395
4 532.778
6 375.787
8 290.203
10 256.700
12 224.387
14 221.206
16 565.700
18 652.906
20 716.836
22 812.817
24 910.655
2 957.345
4 539.469
6 369.631
8 287.267
10 232.560
12 223.331
14 282.993
16 548.083
18 658.975
20 697.877
22 828.859
24 812.176
2 951.014
4 519.445
6 369.626
8 281.428
10 239.838
12 226.331
14 362.149
16 720.813
18 821.871
20 703.651
22 822.667
24 849.209
2 950.093
4 556.332
6 375.601
8 291.664
10 241.604
12 228.858
14 470.439
16 579.161
18 670.304
20 929.314
22 843.387
24 870.000
2 954.582
4 544.325
6 368.986
8 289.531
10 238.006
12 224.790
14 561.482
16 572.955
18 687.191
20 773.245
22 811.306
24 1077.693
