2 1551.834
4 1564.724
6 1564.033
8 1564.164
10 1566.660
12 1547.574
14 1563.477
16 1564.424
18 1563.426
20 1567.667
22 1551.946
24 1563.117
2 1563.685
4 1564.308
6 1563.980
8 1567.042
10 1603.456
12 1546.411
14 1560.984
16 1567.953
18 1564.132
20 1563.604
22 1542.011
24 1559.629
2 1559.746
4 1564.264
6 1567.960
8 1595.722
10 1551.885
12 1563.293
14 1566.844
16 1561.103
18 1563.529
20 1565.054
22 1564.107
24 1564.087
2 1599.707
4 1546.603
6 1555.350
8 1543.323
10 1559.290
12 1564.268
14 1567.279
16 1567.094
18 1544.046
20 1564.179
22 1565.133
24 1564.612
2 1565.073
4 1566.976
6 1552.314
8 1564.296
10 1563.627
12 1546.497
14 1566.623
16 1566.879
18 1547.144
20 1563.680
22 1564.201
24 1554.946
2 1563.276
4 1567.522
6 1559.320
8 1563.736
10 1563.097
12 1562.939
14 1587.875
16 1585.365
18 1552.895
20 1559.004
22 1564.542
24 1562.969
2 1565.273
4 1560.802
6 1548.933
8 1560.915
10 1548.587
12 1553.310
14 1559.113
16 1566.803
18 1564.427
20 1564.177
22 1563.384
24 1566.267
2 1559.675
4 1553.828
6 1565.829
8 1555.647
10 1552.101
12 1563.510
14 1562.765
16 1563.931
18 1563.682
20 1567.764
22 1564.665
24 1554.409
2 1550.111
4 1542.288
6 1543.700
8 1564.640
10 1566.924
12 1560.897
14 1545.543
16 1559.297
18 1560.323
20 1596.131
22 1544.605
24 1563.454
2 1566.526
4 1559.388
6 1552.130
8 1564.444
10 1566.521
12 1558.733
14 1563.561
16 1559.570
18 1571.266
20 1555.504
22 1563.857
24 1559.270
