2 68.984
4 68.942
6 69.083
8 67.265
10 67.251
12 67.278
14 67.260
16 67.282
18 67.273
20 67.274
22 68.941
24 68.949
2 68.948
4 67.306
6 67.278
8 67.419
10 67.294
12 67.267
14 67.436
16 67.280
18 67.283
20 68.954
22 67.077
24 67.090
2 67.241
4 67.071
6 67.208
8 67.069
10 67.229
12 67.110
14 68.960
16 67.094
18 67.104
20 67.088
22 67.075
24 67.222
2 67.085
4 67.063
6 67.074
8 68.940
10 68.946
12 67.233
14 67.087
16 67.093
18 67.236
20 67.241
22 67.095
24 67.102
2 67.231
4 69.102
6 69.070
8 67.092
10 67.073
12 67.073
14 67.096
16 67.241
18 67.085
20 67.227
22 67.086
24 69.088
2 67.091
4 67.224
6 67.087
8 67.071
10 67.231
12 67.112
14 67.108
16 67.102
18 68.978
20 68.962
22 67.092
24 67.103
2 67.103
4 67.096
6 67.093
8 67.160
10 67.096
12 67.098
14 68.957
16 67.096
18 67.104
20 67.104
22 67.093
24 67.090
2 67.099
4 67.101
6 67.228
8 68.947
10 68.958
12 67.050
14 67.036
16 67.034
18 67.029
20 67.047
22 67.035
24 67.035
2 67.035
4 68.923
6 68.910
8 68.911
10 67.041
12 67.020
14 67.038
16 67.043
18 67.037
20 67.055
22 67.032
24 68.896
2 67.042
4 67.056
6 67.036
8 67.030
10 67.040
12 67.028
14 67.027
16 68.891
18 67.019
20 67.043
22 67.049
24 67.011
