2 1065.249
4 1049.386
6 1080.518
8 1069.542
10 1063.988
12 1078.184
14 1110.638
16 1031.001
18 1079.900
20 1090.165
22 1061.921
24 1073.107
2 1067.774
4 1079.614
6 1095.410
8 1081.192
10 1075.471
12 1071.429
14 1050.562
16 1102.956
18 1058.919
20 1056.644
22 1078.563
24 1069.483
2 1065.623
4 1106.790
6 1082.888
8 1061.826
10 1063.864
12 1069.176
14 1080.211
16 1077.431
18 1069.047
20 1076.555
22 1078.950
24 1062.720
2 1079.659
4 1074.923
6 1065.835
8 1041.891
10 1043.970
12 1065.952
14 1057.566
16 1053.019
18 1108.796
20 1072.114
22 1068.256
24 1070.157
2 1057.102
4 1083.582
6 1073.381
8 1089.722
10 1074.880
12 1067.853
14 1075.821
16 1053.043
18 1075.154
20 1069.792
22 1067.848
24 1098.671
2 1061.310
4 1095.017
6 1078.512
8 1082.594
10 1077.825
12 1058.750
14 1079.103
16 1046.334
18 1055.439
20 1077.912
22 1070.934
24 1076.355
2 1078.806
4 1055.013
6 1076.263
8 1078.009
10 1103.109
12 1082.658
14 1071.990
16 1054.497
18 1051.059
20 1047.502
22 1067.969
24 1097.354
2 1070.027
4 1045.290
6 1086.185
8 1066.435
10 1059.499
12 1058.632
14 1107.229
16 1118.844
18 1078.197
20 1072.349
22 1053.522
24 1076.331
2 1075.590
4 1104.411
6 1073.033
8 1060.955
10 1062.406
12 1067.142
14 1064.934
16 1107.507
18 1080.814
20 1033.694
22 1061.866
24 1064.034
2 1087.805
4 1052.050
6 1074.278
8 1092.585
10 1069.538
12 1062.986
14 1076.461
16 1084.262
18 1104.275
20 1079.528
22 1075.412
24 1064.558
2 1094.722
4 1103.004
6 1066.218
8 1073.609
10 1053.076
12 1106.865
14 1077.208
16 1080.943
18 1067.835
20 1111.739
22 1090.884
24 1055.453
2 1074.904
4 1064.728
6 1079.750
8 1077.659
10 1038.929
12 1100.975
14 1075.584
16 1072.183
18 1071.065
20 986.655
22 1063.541
24 1100.911
2 1078.822
4 1054.500
6 1065.275
8 1089.312
10 1064.278
12 1082.119
14 1069.416
16 1094.826
18 1068.154
20 1032.715
22 1052.762
24 1074.589
2 1074.599
4 1116.551
6 1099.522
8 1077.626
10 1077.346
12 1074.101
14 1065.528
16 1063.086
18 1100.796
20 1081.938
22 1067.571
24 1045.002
2 1073.136
4 1037.177
6 1066.082
8 1071.415
10 1090.188
12 1066.031
14 1008.047
16 1062.779
18 1077.485
20 1074.649
22 1071.194
24 1173.119
2 1070.211
4 1055.502
6 1076.577
8 1054.756
10 1052.111
12 1201.896
14 1075.767
16 996.656
18 1060.254
20 1056.152
22 1077.702
24 1065.196
2 1078.472
4 1082.121
6 1071.261
8 1066.235
10 1076.995
12 1062.658
14 1065.987
16 1109.666
18 1103.166
20 1062.597
22 1085.898
24 1076.390
2 1077.721
4 1104.612
6 1069.114
8 1093.967
10 1083.635
12 1112.087
14 1058.585
16 1075.782
18 1077.435
20 1076.345
22 1102.571
24 1100.051
2 1037.985
4 1060.829
6 1075.046
8 1077.714
10 1057.272
12 1173.907
14 1067.051
16 1075.705
18 1098.838
20 1068.223
22 1068.119
24 1066.703
2 1059.561
4 1096.473
6 1062.089
8 1076.000
10 1070.584
12 1051.635
14 1077.828
16 1091.628
18 1141.593
20 1076.502
22 1075.215
24 1068.428
