2 868.859
4 490.565
6 316.594
8 252.007
10 213.699
12 182.523
14 170.346
16 151.181
18 152.453
20 146.718
22 136.956
24 144.354
2 864.927
4 472.278
6 330.942
8 256.474
10 214.231
12 169.996
14 177.669
16 167.072
18 152.742
20 150.893
22 138.679
24 209.180
2 863.223
4 478.987
6 329.961
8 252.745
10 208.000
12 188.632
14 171.942
16 165.861
18 153.436
20 149.703
22 145.317
24 167.468
2 852.484
4 474.159
6 309.948
8 253.856
10 212.790
12 188.601
14 170.870
16 160.967
18 157.266
20 146.087
22 147.180
24 143.731
2 872.908
4 476.764
6 330.285
8 267.831
10 211.651
12 179.690
14 169.960
16 159.306
18 157.778
20 138.084
22 149.425
24 141.212
2 860.884
4 471.878
6 321.951
8 248.507
10 211.972
12 188.276
14 169.367
16 162.834
18 159.876
20 149.406
22 145.065
24 136.213
2 850.047
4 471.027
6 333.416
8 260.059
10 210.018
12 183.124
14 171.040
16 163.667
18 154.517
20 147.879
22 145.387
24 141.416
2 876.419
4 485.062
6 330.076
8 250.349
10 205.229
12 183.765
14 191.189
16 161.580
18 147.036
20 150.426
22 142.946
24 148.363
2 847.043
4 472.330
6 312.746
8 234.122
10 223.737
12 202.839
14 173.964
16 166.072
18 155.230
20 148.093
22 144.469
24 137.226
2 881.103
4 479.267
6 319.056
8 252.694
10 212.344
12 194.424
14 165.910
16 156.191
18 157.121
20 146.288
22 167.253
24 160.348
