2 872.786
4 481.389
6 324.636
8 249.147
10 204.284
12 178.809
14 169.340
16 173.554
18 156.740
20 146.738
22 146.657
24 136.474
2 874.184
4 475.389
6 321.674
8 263.580
10 204.438
12 189.210
14 167.456
16 160.806
18 157.969
20 147.132
22 149.708
24 160.338
2 865.501
4 472.411
6 326.749
8 251.105
10 218.432
12 184.735
14 172.156
16 160.924
18 154.085
20 149.763
22 151.948
24 161.456
2 837.011
4 485.048
6 328.672
8 262.285
10 202.999
12 187.043
14 170.467
16 168.393
18 153.590
20 156.609
22 143.228
24 144.327
2 851.576
4 469.852
6 324.791
8 251.051
10 220.337
12 183.331
14 173.900
16 166.139
18 154.666
20 149.372
22 149.175
24 143.153
2 848.813
4 483.253
6 328.670
8 250.857
10 218.782
12 176.873
14 171.128
16 157.641
18 153.614
20 151.548
22 148.231
24 143.459
2 873.890
4 453.006
6 327.917
8 265.720
10 205.899
12 182.418
14 166.266
16 153.832
18 157.149
20 147.672
22 141.721
24 134.047
2 856.097
4 480.541
6 319.824
8 261.269
10 221.153
12 179.499
14 165.174
16 177.773
18 158.907
20 153.946
22 146.530
24 140.117
2 867.176
4 488.884
6 325.645
8 251.579
10 220.643
12 191.016
14 168.954
16 162.532
18 159.304
20 155.666
22 139.097
24 145.460
2 881.220
4 478.356
6 324.684
8 252.796
10 210.297
12 182.780
14 166.522
16 162.797
18 160.259
20 147.632
22 147.653
24 141.398
