2 1463.638
4 828.768
6 581.382
8 439.724
10 362.548
12 316.812
14 288.626
16 266.096
18 259.458
20 250.754
22 236.176
24 346.613
2 1474.533
4 795.968
6 581.272
8 425.594
10 381.166
12 317.181
14 288.363
16 267.437
18 263.323
20 248.926
22 237.447
24 229.057
2 1409.733
4 828.643
6 572.266
8 428.456
10 366.807
12 310.641
14 284.695
16 273.128
18 263.802
20 251.934
22 229.943
24 422.443
2 1437.656
4 821.369
6 570.456
8 423.622
10 362.437
12 309.326
14 280.377
16 272.362
18 259.594
20 245.881
22 244.398
24 220.679
2 1466.612
4 820.707
6 583.022
8 426.919
10 352.511
12 321.407
14 291.490
16 273.358
18 247.746
20 245.941
22 226.704
24 219.890
2 1455.372
4 817.416
6 571.073
8 433.352
10 365.686
12 303.232
14 291.361
16 275.553
18 257.314
20 251.571
22 235.457
24 226.003
2 1469.308
4 818.923
6 575.913
8 436.718
10 345.082
12 312.660
14 287.413
16 272.436
18 263.036
20 246.458
22 227.010
24 225.057
2 1416.602
4 846.228
6 576.001
8 438.498
10 430.649
12 328.054
14 276.325
16 271.979
18 253.985
20 250.309
22 236.864
24 225.127
2 1512.370
4 804.941
6 567.601
8 416.500
10 357.633
12 301.351
14 279.833
16 276.157
18 265.040
20 236.448
22 240.617
24 228.103
2 1486.248
4 829.346
6 572.868
8 429.222
10 364.266
12 315.978
14 280.240
16 270.958
18 265.200
20 252.797
22 231.048
24 247.296
2 1463.390
4 811.939
6 577.150
8 426.474
10 356.367
12 307.297
14 286.395
16 272.027
18 263.424
20 248.816
22 231.631
24 227.344
2 1554.042
4 819.549
6 554.826
8 425.757
10 360.884
12 305.358
14 287.701
16 275.864
18 255.029
20 242.359
22 232.680
24 224.000
2 1473.433
4 843.061
6 574.534
8 434.645
10 363.447
12 305.799
14 283.603
16 273.890
18 255.089
20 248.317
22 238.368
24 230.849
2 1486.181
4 826.627
6 573.633
8 432.381
10 349.273
12 298.094
14 277.233
16 262.374
18 264.419
20 248.696
22 232.924
24 220.262
2 1494.702
4 827.179
6 567.992
8 422.262
10 368.897
12 308.303
14 283.249
16 273.545
18 251.714
20 245.040
22 231.302
24 246.808
2 1474.716
4 827.085
6 543.129
8 426.355
10 354.564
12 307.601
14 271.211
16 272.490
18 264.144
20 253.299
22 234.887
24 233.396
2 1491.334
4 820.053
6 553.845
8 422.260
10 356.176
12 311.556
14 284.065
16 270.006
18 264.131
20 249.239
22 233.892
24 364.461
2 1504.168
4 798.626
6 573.362
8 433.630
10 362.700
12 297.839
14 289.656
16 271.858
18 254.763
20 247.478
22 232.335
24 218.627
2 1447.518
4 821.658
6 569.471
8 431.087
10 354.468
12 303.498
14 277.108
16 273.508
18 264.912
20 242.648
22 230.181
24 233.190
2 1463.556
4 816.110
6 582.148
8 435.688
10 358.294
12 296.242
14 282.673
16 268.233
18 264.350
20 246.166
22 231.051
24 258.963
