2 1408.466
4 1468.615
6 1418.849
8 1442.706
10 1425.974
12 1433.964
14 1416.544
16 1441.735
18 1377.546
20 1430.984
22 1434.150
24 1470.655
2 1437.268
4 1440.175
6 1433.381
8 1420.619
10 1461.640
12 1440.486
14 1414.965
16 1408.383
18 1422.462
20 1447.467
22 1446.838
24 1432.069
2 1414.812
4 1468.594
6 1451.718
8 1471.760
10 1440.302
12 1459.815
14 1446.212
16 1412.306
18 1416.873
20 1416.493
22 1468.864
24 1455.732
2 1396.558
4 1394.216
6 1389.272
8 1442.520
10 1434.088
12 1431.644
14 1433.631
16 1400.325
18 1444.739
20 1392.523
22 1411.999
24 1442.845
2 1415.254
4 1485.353
6 1422.008
8 1433.683
10 1417.688
12 1440.727
14 1449.797
16 1410.576
18 1420.221
20 1391.831
22 1416.298
24 1483.553
2 1448.947
4 1396.254
6 1444.299
8 1450.635
10 1449.411
12 1457.065
14 1441.143
16 1439.951
18 1422.851
20 1433.905
22 1441.727
24 1418.266
2 1556.537
4 1359.765
6 1421.958
8 1390.769
10 1397.441
12 1473.963
14 1367.168
16 1390.429
18 1457.330
20 1418.839
22 1420.026
24 1415.453
2 1438.694
4 1444.163
6 1406.688
8 1515.314
10 1413.142
12 1418.031
14 1418.511
16 1438.908
18 1416.633
20 1407.955
22 1408.872
24 1436.046
2 1441.066
4 1455.360
6 1445.500
8 1440.116
10 1425.932
12 1369.573
14 1448.635
16 1430.948
18 1424.489
20 1395.191
22 1416.224
24 1444.969
2 1447.030
4 1473.522
6 1449.507
8 1444.507
10 1405.071
12 1550.107
14 1440.401
16 1440.833
18 1456.296
20 1444.468
22 1432.926
24 1469.000
2 1442.638
4 1429.104
6 1461.313
8 1437.743
10 1452.318
12 1445.733
14 1445.493
16 1449.374
18 1445.252
20 1444.988
22 1454.941
24 1470.907
2 1443.519
4 1443.023
6 1441.711
8 1438.251
10 1567.277
12 1419.527
14 1415.086
16 1415.086
18 1582.585
20 1416.524
22 1408.714
24 1416.399
2 1442.899
4 1405.009
6 1442.038
8 1445.622
10 1423.646
12 1459.344
14 1419.270
16 1434.005
18 1441.254
20 1423.372
22 1454.715
24 1435.493
2 1442.763
4 1417.640
6 1447.824
8 1448.079
10 1451.845
12 1439.000
14 1443.441
16 1442.714
18 1447.500
20 1409.887
22 1413.785
24 1440.057
2 1396.258
4 1389.612
6 1456.831
8 1442.176
10 1460.032
12 1437.845
14 1416.761
16 1390.740
18 1443.794
20 1387.121
22 1389.949
24 1458.949
2 1417.441
4 1386.391
6 1425.036
8 1397.544
10 1461.107
12 1416.490
14 1418.619
16 1474.498
18 1404.727
20 1427.563
22 1443.658
24 1563.502
2 1377.578
4 1413.844
6 1395.851
8 1468.272
10 1425.145
12 1396.712
14 1455.670
16 1430.958
18 1387.059
20 1516.022
22 1431.764
24 1444.603
2 1444.823
4 1459.926
6 1423.685
8 1387.445
10 1434.036
12 1454.615
14 1464.179
16 1443.128
18 1534.876
20 1455.778
22 1402.611
24 1432.777
2 1443.993
4 1462.543
6 1436.365
8 1443.338
10 1415.644
12 1442.159
14 1476.279
16 1416.738
18 1407.725
20 1442.851
22 1411.393
24 1448.023
2 1405.061
4 1447.145
6 1441.269
8 1430.052
10 1434.667
12 1443.227
14 1473.947
16 1441.189
18 1436.937
20 1471.802
22 1416.784
24 1412.885
