2 678.562
4 352.876
6 241.439
8 204.982
10 160.870
12 186.575
14 160.668
16 150.228
18 136.689
20 128.880
22 121.368
24 109.626
2 678.414
4 379.893
6 245.510
8 190.047
10 204.247
12 183.700
14 161.840
16 148.188
18 135.330
20 128.028
22 118.967
24 333.707
2 673.103
4 344.344
6 241.888
8 190.780
10 204.024
12 162.279
14 164.939
16 132.002
18 136.620
20 125.362
22 121.063
24 113.181
2 678.802
4 351.336
6 267.569
8 190.729
10 176.149
12 185.847
14 167.564
16 144.872
18 136.799
20 122.792
22 97.856
24 110.776
2 673.409
4 354.269
6 261.092
8 192.589
10 155.896
12 185.511
14 159.538
16 150.532
18 130.833
20 120.994
22 111.768
24 110.767
2 678.301
4 378.504
6 254.560
8 191.660
10 199.968
12 175.255
14 153.909
16 149.672
18 126.645
20 121.779
22 120.090
24 136.955
2 681.372
4 348.975
6 256.374
8 191.657
10 222.762
12 184.318
14 163.171
16 149.162
18 136.679
20 128.269
22 111.447
24 114.294
2 691.347
4 354.013
6 236.023
8 192.801
10 188.503
12 180.505
14 168.126
16 149.942
18 136.018
20 111.094
22 116.570
24 113.701
2 681.347
4 381.410
6 240.028
8 186.385
10 219.802
12 171.873
14 160.785
16 132.842
18 127.165
20 126.612
22 102.799
24 112.481
2 679.239
4 348.965
6 258.167
8 211.810
10 191.314
12 178.935
14 154.839
16 141.425
18 132.820
20 125.146
22 115.272
24 115.336
2 679.079
4 354.509
6 258.078
8 190.564
10 154.906
12 185.937
14 167.471
16 152.596
18 132.045
20 131.737
22 121.059
24 125.598
2 678.851
4 382.323
6 244.920
8 192.597
10 160.610
12 191.577
14 160.820
16 150.215
18 133.872
20 125.773
22 118.497
24 121.646
2 679.443
4 349.584
6 240.515
8 179.692
10 161.041
12 187.017
14 160.849
16 151.179
18 137.306
20 131.553
22 112.353
24 109.476
2 673.693
4 355.981
6 241.940
8 206.849
10 209.394
12 191.304
14 167.430
16 149.402
18 132.457
20 122.889
22 118.995
24 107.072
2 680.973
4 351.968
6 254.788
8 192.752
10 159.489
12 186.582
14 161.820
16 143.986
18 139.445
20 120.609
22 114.569
24 99.791
2 682.486
4 356.418
6 247.685
8 182.431
10 195.051
12 190.899
14 168.026
16 139.199
18 133.613
20 130.333
22 125.724
24 118.489
2 677.850
4 341.532
6 243.611
8 193.092
10 164.556
12 189.162
14 159.989
16 144.862
18 120.913
20 122.801
22 107.053
24 110.536
2 657.347
4 349.128
6 274.105
8 241.744
10 155.867
12 184.462
14 155.320
16 142.410
18 130.819
20 121.481
22 121.394
24 114.438
2 681.990
4 374.581
6 244.994
8 186.683
10 150.973
12 179.560
14 149.910
16 149.430
18 130.850
20 125.481
22 108.741
24 115.453
2 676.973
4 353.455
6 221.003
8 196.033
10 212.673
12 179.162
14 154.317
16 146.310
18 128.721
20 121.811
22 112.986
24 133.692
