2 944.696
4 494.675
6 335.406
8 259.730
10 207.689
12 198.706
14 172.242
16 159.779
18 156.204
20 148.485
22 147.797
24 140.824
2 972.852
4 480.904
6 321.339
8 264.569
10 207.482
12 172.061
14 166.563
16 165.844
18 153.615
20 141.232
22 135.333
24 143.761
2 943.365
4 492.701
6 336.607
8 258.169
10 213.778
12 182.738
14 170.915
16 156.969
18 154.076
20 149.204
22 145.483
24 143.030
2 956.983
4 494.867
6 343.312
8 262.895
10 212.107
12 180.268
14 170.912
16 156.119
18 153.355
20 144.939
22 141.297
24 139.119
2 935.705
4 496.730
6 325.943
8 257.916
10 203.562
12 192.196
14 177.561
16 163.108
18 147.034
20 145.872
22 140.306
24 142.632
2 951.643
4 492.598
6 338.136
8 253.477
10 207.829
12 186.391
14 171.648
4 481.524
6 318.526
8 243.717
10 216.981
12 191.265
14 171.864
16 176.005
18 161.482
20 147.464
22 142.685
24 138.346
2 942.654
4 496.800
6 328.006
8 244.619
10 211.807
12 190.596
14 175.301
16 158.651
18 154.203
20 146.636
22 143.167
24 140.958
2 916.135
4 490.368
6 338.148
8 256.362
10 226.042
12 183.425
14 170.806
16 159.028
18 158.648
20 148.297
22 138.367
24 133.647
2 942.748
4 488.168
6 337.234
8 264.167
10 223.915
12 192.807
14 173.195
16 158.091
18 147.092
20 148.495
22 143.747
24 147.273
2 919.506
4 499.314
6 312.261
8 265.399
10 226.020
12 195.909
14 170.969
16 161.972
18 147.962
20 145.255
22 141.675
24 139.376
2 943.159
4 496.810
6 337.102
8 265.055
10 200.201
12 183.159
14 169.401
16 160.945
18 144.364
20 145.972
22 140.210
24 137.003
2 968.194
4 473.577
6 325.695
8 259.179
10 216.798
12 184.319
14 164.211
16 167.582
18 150.098
20 146.193
22 155.413
24 138.715
2 932.805
4 480.976
6 340.002
8 246.099
10 221.521
12 178.696
14 173.765
16 163.746
18 152.956
20 145.714
22 144.053
24 134.278
2 944.099
4 504.760
6 344.598
8 248.367
10 204.461
12 175.499
14 178.942
16 159.481
18 155.976
20 149.639
22 140.416
24 143.387
2 953.079
4 492.262
6 321.526
8 269.716
10 214.172
12 180.236
14 173.355
16 168.561
18 153.177
20 146.665
22 141.103
24 150.038
