2 1581.001
4 1576.102
6 1542.699
8 1565.665
10 1576.142
12 1520.875
14 1569.629
16 1553.287
18 1571.910
20 1581.007
22 1579.786
24 1573.094
2 1567.226
4 1578.729
6 1554.125
8 1600.740
10 1577.412
12 1571.588
14 1567.139
16 1582.318
18 1552.026
20 1538.775
22 1514.911
24 1606.910
2 1576.039
4 1553.652
6 1497.543
8 1659.102
10 1539.697
12 1586.263
14 1506.322
16 1610.094
18 1573.062
20 1508.368
22 1515.088
24 1585.235
2 1581.482
4 1572.158
6 1582.010
8 1577.843
10 1548.617
12 1618.156
14 1573.335
16 1545.033
18 1508.952
20 1575.344
22 1577.872
24 1586.604
2 1572.480
4 1521.377
6 1550.060
8 1611.098
10 1534.811
12 1557.066
14 1547.715
16 1592.058
18 1605.007
20 1556.874
22 1587.369
24 1545.234
2 1518.442
4 1600.098
6 1523.486
8 1545.712
10 1576.826
12 1544.881
14 1535.704
16 1538.810
18 1528.305
20 1695.396
22 1544.741
24 1604.074
2 1553.760
4 1573.036
6 1541.696
8 1581.906
10 1580.018
12 1518.764
14 1574.774
16 1543.128
18 1580.728
20 1586.789
22 1540.689
24 1548.023
2 1512.315
4 1574.373
6 1604.251
8 1576.178
10 1547.732
12 1577.633
14 1759.587
16 1554.919
18 1573.978
20 1578.059
22 1577.115
24 1601.110
2 1539.409
4 1572.522
6 1537.642
8 1577.603
10 1610.636
12 1529.991
14 1548.738
16 1546.061
18 1581.308
20 1590.633
22 1523.035
24 1561.808
2 1561.199
4 1584.897
6 1604.579
8 1573.830
10 1574.986
12 1575.312
14 1594.244
16 1614.957
18 1550.470
20 1531.717
22 1513.869
24 1520.384
2 1562.724
4 1566.947
6 1575.667
8 1577.904
10 1516.581
12 1581.553
14 1585.532
16 1590.346
18 1564.961
20 1540.877
22 1538.490
24 1539.401
2 1528.113
4 1528.423
6 1599.426
8 1562.138
10 1576.193
12 1587.333
14 1547.934
16 1551.181
18 1566.979
20 1574.222
22 1521.775
24 1559.420
2 1539.507
4 1599.651
6 1568.706
8 1570.105
10 1549.625
12 1703.224
14 1567.056
16 1579.040
18 1565.259
20 1611.164
22 1576.027
24 1575.346
2 1578.561
4 1620.621
6 1575.771
8 1575.027
10 1586.026
12 1546.957
14 1528.439
16 1658.630
18 1516.341
20 1561.844
22 1544.032
24 1527.687
2 1573.144
4 1546.247
6 1491.795
8 1578.902
10 1569.780
12 1575.624
14 1576.098
16 1609.399
18 1558.592
20 1577.799
22 1575.184
24 1607.955
2 1584.829
4 1545.395
6 1603.453
8 1575.552
10 1517.241
12 1598.366
14 1541.155
16 1521.378
18 1541.881
20 1571.694
22 1554.941
24 1591.052
2 1568.866
4 1547.628
6 1595.712
8 1576.952
10 1577.164
12 1566.249
14 1566.491
16 1604.762
18 1556.933
20 1545.146
22 1584.853
24 1573.244
2 1581.631
4 1581.086
6 1571.826
8 1565.968
10 1580.236
12 1563.029
14 1580.051
16 1528.772
18 1542.399
20 1567.904
22 1537.923
24 1579.821
2 1603.299
4 1553.102
6 1571.180
8 1589.844
10 1537.254
12 1561.097
14 1569.173
16 1578.549
18 1595.406
20 1581.465
22 1584.055
24 1579.280
2 1548.621
4 1593.636
6 1538.134
8 1544.217
10 1588.087
12 1583.936
14 1683.571
16 1545.248
18 1578.396
20 1596.619
22 1576.796
24 1590.741
