2 739.165
4 727.949
6 737.966
8 738.937
10 752.832
12 785.035
14 900.238
16 1046.716
18 1101.689
20 1065.240
22 1154.837
24 1154.194
2 737.970
4 759.970
6 740.326
8 773.619
10 795.668
12 745.885
14 876.092
16 993.935
18 994.822
20 1104.442
22 1145.647
24 1143.815
2 733.051
4 755.347
6 740.440
8 740.407
10 728.962
12 775.673
14 877.643
16 983.282
18 1085.116
20 1117.011
22 1121.920
24 1359.844
2 740.551
4 783.110
6 728.715
8 761.933
10 726.667
12 735.144
14 901.493
16 1033.614
18 1083.127
20 1103.497
22 1146.699
24 1113.996
2 777.486
4 737.062
6 734.698
8 742.250
10 784.488
12 823.959
14 879.596
16 981.857
18 1094.569
20 1079.125
22 1117.456
24 1363.532
2 739.888
4 749.459
6 737.341
8 735.897
10 743.607
12 754.992
14 855.680
16 1058.460
18 1020.017
20 1110.548
22 1103.708
24 1311.790
2 742.957
4 729.542
6 736.138
8 735.875
10 742.410
12 769.602
14 883.206
16 1012.627
18 1054.045
20 1047.187
22 1139.458
24 1363.518
2 740.237
4 739.399
6 756.277
8 739.790
10 751.918
12 750.374
14 955.792
16 1021.850
18 1056.546
20 1110.522
22 1146.354
24 1148.589
2 736.350
4 742.754
6 739.953
8 750.232
10 737.764
12 780.994
14 835.075
16 1058.265
18 1061.658
20 1099.750
22 1137.985
24 1139.254
2 741.822
4 745.454
6 734.356
8 764.636
10 793.193
12 738.283
14 899.140
16 1018.004
18 1019.698
20 1117.759
22 1127.768
24 1374.937
