2 719.545
4 376.209
6 283.521
8 238.428
10 208.393
12 203.171
14 299.867
16 393.996
18 419.261
20 466.948
22 533.055
24 666.597
2 708.678
4 389.121
6 284.228
8 237.415
10 203.043
12 244.508
14 325.778
16 383.233
18 425.598
20 452.153
22 523.184
24 607.278
2 725.719
4 395.844
6 279.815
8 236.737
10 204.963
12 216.361
14 308.448
16 454.827
18 447.631
20 548.634
22 594.615
24 565.965
2 721.912
4 385.578
6 281.614
8 229.288
10 206.602
12 276.379
14 314.280
16 361.962
18 448.733
20 512.276
22 523.864
24 666.668
2 763.953
4 398.088
6 308.375
8 233.408
10 203.956
12 279.475
14 365.343
16 375.395
18 459.062
20 464.666
22 535.677
24 561.458
2 720.318
4 397.854
6 290.437
8 237.098
10 206.073
12 241.119
14 345.106
16 400.073
18 446.863
20 474.925
22 485.410
24 599.648
2 732.646
4 398.071
6 287.614
8 235.894
10 206.462
12 257.486
14 314.553
16 390.539
18 429.607
20 512.432
22 571.955
24 603.662
2 721.560
4 393.605
6 287.380
8 232.440
10 209.937
12 248.323
14 273.114
16 373.600
18 434.995
20 436.915
22 556.621
24 567.284
2 723.698
4 383.752
6 277.103
8 239.630
10 194.911
12 203.796
14 265.469
16 456.900
18 546.517
20 510.131
22 508.251
24 645.058
2 706.905
4 400.640
6 277.516
8 241.279
10 208.926
12 229.405
14 324.072
16 382.739
18 454.708
20 486.256
22 533.565
24 584.264
