2 5.261
4 5.260
6 5.259
8 5.261
10 5.272
12 5.254
14 5.253
16 5.253
18 5.261
20 5.255
22 5.255
24 5.260
2 5.266
4 5.259
6 5.262
8 5.256
10 5.259
12 5.263
14 5.260
16 5.258
18 5.260
20 5.256
22 5.257
24 5.252
2 5.259
4 5.261
6 5.408
8 5.263
10 5.257
12 5.258
14 5.263
16 5.261
18 5.263
20 5.265
22 5.263
24 5.264
2 5.266
4 5.262
6 5.261
8 5.260
10 5.262
12 5.264
14 5.263
16 5.265
18 5.271
20 5.262
22 5.267
24 5.268
2 5.264
4 5.262
6 5.276
8 5.264
10 5.268
12 5.269
14 5.265
16 5.259
18 5.262
20 5.269
22 5.265
24 5.266
2 5.263
4 5.270
6 5.263
8 5.255
10 5.265
12 5.262
14 5.263
16 5.261
18 5.264
20 5.262
22 5.266
24 5.269
2 5.261
4 5.270
6 5.265
8 5.265
10 5.269
12 5.257
14 5.264
16 5.265
18 5.264
20 5.260
22 5.259
24 5.270
2 5.264
4 5.258
6 5.266
8 5.273
10 5.266
12 5.259
14 5.270
16 5.263
18 5.274
20 5.264
22 5.268
24 5.266
2 5.268
4 5.262
6 5.270
8 5.271
10 5.266
12 5.267
14 5.312
16 5.266
18 5.266
20 5.271
22 5.265
24 5.262
2 5.259
4 5.270
6 5.268
8 5.264
10 5.267
12 5.258
14 5.267
16 5.263
18 5.275
20 5.264
22 5.266
24 5.273
