2 580.092
4 307.498
6 226.831
8 174.969
10 190.590
12 146.721
14 154.835
16 120.598
18 124.306
20 118.362
22 99.097
24 114.270
2 580.654
4 309.244
6 223.640
8 180.800
10 149.686
12 156.768
14 150.454
16 132.136
18 123.144
20 112.646
22 98.238
24 93.567
2 583.314
4 327.131
6 219.489
8 185.048
10 157.126
12 158.309
14 149.779
16 134.558
18 117.832
20 115.948
22 109.222
24 102.256
2 601.764
4 314.520
6 222.167
8 177.383
10 184.863
12 129.627
14 145.656
16 132.900
18 128.529
20 114.615
22 110.265
24 112.918
2 574.652
4 313.480
6 221.249
8 172.996
10 146.672
12 131.603
14 152.762
16 137.613
18 132.182
20 115.984
22 113.236
24 104.083
2 579.216
4 313.496
6 249.323
8 176.257
10 151.751
12 165.816
14 147.050
16 136.349
18 124.547
20 112.490
22 100.749
24 106.686
2 581.216
4 313.549
6 216.163
8 165.060
10 173.343
12 167.310
14 151.114
16 131.613
18 120.519
20 106.385
22 107.445
24 113.079
2 565.207
4 311.760
6 219.228
8 159.530
10 154.723
12 136.547
14 147.635
16 125.073
18 127.627
20 120.688
22 109.666
24 109.309
2 580.432
4 312.553
6 221.013
8 175.719
10 140.657
12 166.121
14 139.628
16 130.789
18 121.664
20 119.695
22 112.946
24 116.296
2 585.184
4 313.783
6 212.047
8 174.984
10 150.693
12 163.727
14 136.824
16 136.713
18 121.921
20 115.325
22 102.888
24 105.911
