2 738.669
4 408.579
6 287.296
8 244.101
10 237.817
12 247.875
14 337.578
16 390.575
18 412.287
20 484.159
22 537.411
24 548.794
2 743.531
4 405.723
6 302.592
8 249.476
10 208.271
12 245.433
14 261.103
16 394.075
18 458.011
20 479.978
22 548.481
24 584.801
2 744.270
4 409.887
6 297.607
8 246.332
10 219.887
12 247.849
14 326.402
16 377.080
18 531.236
20 552.299
22 505.173
24 573.373
2 743.014
4 408.662
6 295.024
8 241.107
10 216.098
12 253.371
14 265.126
16 380.264
18 442.348
20 478.658
22 531.732
24 600.366
2 731.930
4 414.427
6 289.872
8 246.673
10 213.358
12 208.280
14 339.373
16 378.587
18 458.228
20 481.368
22 559.887
24 572.115
2 743.490
4 407.850
6 291.918
8 253.216
10 213.442
12 215.044
14 334.064
16 386.213
18 449.960
20 494.456
22 545.086
24 588.096
2 743.732
4 414.069
6 299.374
8 249.677
10 223.257
12 229.417
14 313.487
16 368.852
18 441.852
20 473.993
22 551.931
24 559.088
2 735.181
4 413.778
6 296.951
8 245.371
10 215.037
12 257.657
14 343.911
16 387.319
18 420.128
20 502.258
22 504.908
24 680.935
2 744.225
4 410.128
6 292.159
8 241.321
10 221.544
12 261.291
14 334.004
16 386.210
18 415.087
20 472.914
22 523.327
24 550.494
2 752.399
4 410.049
6 295.507
8 248.573
10 227.903
12 241.976
14 299.038
16 381.701
18 430.127
20 507.765
22 518.270
24 582.780
