2 1417.444
4 1414.408
6 1415.436
8 1417.698
10 1412.233
12 1410.681
14 1414.321
16 1416.086
18 1411.951
20 1414.597
22 1413.939
24 1401.947
2 1415.165
4 1418.924
6 1415.960
8 1415.445
10 1417.067
12 1414.979
14 1425.185
16 1415.279
18 1453.613
20 1410.008
22 1415.343
24 1418.948
2 1414.361
4 1416.018
6 1413.859
8 1414.872
10 1414.239
12 1418.464
14 1415.394
16 1420.043
18 1414.293
20 1413.306
22 1390.432
24 1414.529
2 1392.191
4 1409.161
6 1414.917
8 1414.289
10 1405.448
12 1401.294
14 1388.862
16 1399.081
18 1393.521
20 1419.259
22 1418.925
24 1417.450
2 1415.331
4 1418.193
6 1409.837
8 1419.278
10 1414.609
12 1414.297
14 1399.374
16 1410.179
18 1415.134
20 1417.636
22 1409.188
24 1413.909
2 1412.098
4 1409.497
6 1403.778
8 1409.105
10 1409.594
12 1418.510
14 1405.429
16 1414.469
18 1414.992
20 1415.143
22 1401.452
24 1414.310
2 1414.832
4 1406.319
6 1413.062
8 1409.550
10 1397.888
12 1418.251
14 1415.476
16 1402.462
18 1435.112
20 1414.542
22 1414.200
24 1389.370
2 1417.347
4 1414.390
6 1414.160
8 1414.510
10 1401.559
12 1423.435
14 1415.936
16 1409.851
18 1429.250
20 1404.010
22 1415.235
24 1414.397
2 1418.331
4 1409.569
6 1405.668
8 1417.670
10 1417.406
12 1409.682
14 1412.894
16 1416.007
18 1408.088
20 1415.821
22 1418.962
24 1414.648
2 1421.737
4 1415.677
6 1418.104
8 1415.944
10 1421.238
12 1415.489
14 1393.635
16 1417.416
18 1418.320
20 1414.076
22 1389.802
24 1414.243
