2 788.231
4 738.418
6 730.092
8 780.947
10 756.763
12 810.799
14 917.923
16 1033.690
18 950.797
20 1026.319
22 1045.570
24 1060.332
2 763.164
4 728.120
6 762.329
8 734.340
10 780.927
12 801.863
14 922.805
16 970.858
18 1020.117
20 1011.699
22 1048.158
24 1009.737
2 775.434
4 769.256
6 727.792
8 781.100
10 777.070
12 778.822
14 875.529
16 956.780
18 1032.761
20 1045.548
22 996.104
24 1060.506
2 782.605
4 762.730
6 738.688
8 769.805
10 750.856
12 780.712
14 939.250
16 966.777
18 997.780
20 992.607
22 1046.248
24 1045.481
2 776.135
4 735.233
6 782.515
8 776.383
10 772.202
12 825.814
14 889.218
16 965.476
18 978.683
20 1016.035
22 1000.872
24 1005.088
2 773.221
4 767.107
6 712.657
8 788.865
10 770.426
12 831.981
14 935.263
16 988.802
18 991.169
20 957.584
22 1045.482
24 1011.269
2 781.078
4 757.068
6 776.873
8 782.621
10 772.074
12 777.870
14 897.499
16 951.789
18 1011.513
20 986.980
22 986.128
24 1008.707
2 776.481
4 734.897
6 775.395
8 742.780
10 735.477
12 790.067
14 859.434
16 964.877
18 989.951
20 1045.699
22 1067.476
24 1056.452
2 780.209
4 735.113
6 771.193
8 763.637
10 826.993
12 816.092
14 925.613
16 959.333
18 1048.197
20 1041.324
22 1061.686
24 1015.503
2 775.773
4 729.557
6 777.267
8 753.094
10 753.338
12 782.745
14 805.103
16 959.407
18 993.884
20 1039.154
22 1005.393
24 1057.105
