2 1010.654
4 1017.451
6 1014.474
8 1013.199
10 1050.028
12 1014.038
14 1016.981
16 1013.720
18 1012.827
20 992.078
22 997.041
24 1014.432
2 1020.592
4 997.145
6 1006.855
8 1013.702
10 1014.599
12 991.059
14 989.315
16 1014.279
18 1014.096
20 1081.088
22 1013.498
24 1013.960
2 1017.105
4 1000.285
6 1001.393
8 1012.673
10 1009.732
12 1013.832
14 1007.611
16 1013.462
18 1014.297
20 989.927
22 1013.294
24 1008.105
2 1013.190
4 1012.497
6 1013.667
8 1014.014
10 1017.023
12 1015.552
14 992.655
16 1014.238
18 1013.762
20 1009.105
22 1011.830
24 1014.389
2 1015.774
4 1000.669
6 1008.901
8 1008.845
10 1014.239
12 1008.172
14 994.328
16 1013.265
18 1013.176
20 1013.117
22 1013.810
24 1008.156
2 1016.833
4 1014.512
6 1026.818
8 1014.323
10 1015.354
12 1013.200
14 1013.030
16 1001.220
18 1017.475
20 1015.000
22 1013.040
24 1008.623
2 1014.100
4 1010.420
6 1014.533
8 1014.533
10 1016.775
12 995.957
14 1014.618
16 1013.883
18 1046.270
20 1008.590
22 987.961
24 1016.277
2 1008.814
4 1012.592
6 1015.773
8 1013.839
10 989.926
12 1013.478
14 1014.403
16 1013.368
18 1014.168
20 1014.138
22 1015.187
24 1016.454
2 1013.854
4 1003.768
6 1013.416
8 1008.666
10 1184.384
12 1011.041
14 1016.945
16 1012.954
18 1014.184
20 1008.207
22 990.545
24 1013.822
2 1013.661
4 1014.264
6 1016.308
8 1013.186
10 1013.271
12 1007.630
14 1008.307
16 1001.116
18 1013.874
20 1013.661
22 1016.919
24 994.689
