2 1279.145
4 1281.949
6 1279.291
8 1278.650
10 1275.769
12 1266.838
14 1276.875
16 1282.669
18 1278.360
20 1276.012
22 1306.240
24 1274.910
2 1273.011
4 1257.476
6 1312.552
8 1278.662
10 1283.380
12 1278.300
14 1277.821
16 1273.738
18 1274.606
20 1279.590
22 1274.387
24 1279.474
2 1278.757
4 1282.805
6 1266.087
8 1278.515
10 1277.967
12 1265.548
14 1275.030
16 1273.830
18 1266.464
20 1279.779
22 1285.130
24 1276.895
2 1273.309
4 1280.034
6 1278.019
8 1273.926
10 1279.682
12 1283.006
14 1280.047
16 1279.182
18 1280.010
20 1276.020
22 1279.700
24 1279.889
2 1273.974
4 1279.815
6 1280.295
8 1279.991
10 1275.205
12 1280.319
14 1294.412
16 1273.388
18 1279.397
20 1283.695
22 1274.681
24 1280.108
2 1278.559
4 1258.666
6 1274.447
8 1275.502
10 1280.865
12 1273.160
14 1266.476
16 1283.413
18 1271.986
20 1258.616
22 1279.447
24 1273.611
2 1260.071
4 1257.193
6 1279.168
8 1264.495
10 1278.980
12 1275.295
14 1311.287
16 1258.781
18 1274.527
20 1284.545
22 1268.978
24 1274.870
2 1280.435
4 1281.714
6 1273.734
8 1275.825
10 1274.937
12 1271.435
14 1276.522
16 1276.989
18 1263.849
20 1279.148
22 1274.853
24 1277.798
2 1274.460
4 1278.639
6 1273.752
8 1275.044
10 1279.220
12 1282.652
14 1265.386
16 1278.839
18 1278.229
20 1261.484
22 1277.419
24 1274.862
2 1281.059
4 1256.392
6 1275.497
8 1279.522
10 1276.962
12 1279.037
14 1280.430
16 1279.306
18 1279.681
20 1270.916
22 1280.092
24 1261.060
