2 64.401
4 64.372
6 64.403
8 64.398
10 64.680
12 64.392
14 64.394
16 64.396
18 64.399
20 64.399
22 64.416
24 64.404
2 64.412
4 64.426
6 64.394
8 64.411
10 64.356
12 64.399
14 64.401
16 64.400
18 64.366
20 64.416
22 64.413
24 64.416
2 64.418
4 64.416
6 64.425
8 64.412
10 64.404
12 64.413
14 64.370
16 64.383
18 64.398
20 64.433
22 64.415
24 64.393
2 64.401
4 64.327
6 64.429
8 64.400
10 64.419
12 64.412
14 64.426
16 64.395
18 64.389
20 64.394
22 64.408
24 64.406
2 64.409
4 64.358
6 64.390
8 64.382
10 64.428
12 64.427
14 64.381
16 64.394
18 64.397
20 64.401
22 64.397
24 64.413
2 64.425
4 64.329
6 64.381
8 64.408
10 64.349
12 64.390
14 64.386
16 64.413
18 64.402
20 64.386
22 64.406
24 64.361
2 64.380
4 64.405
6 64.430
8 64.383
10 64.421
12 64.405
14 64.415
16 64.414
18 64.445
20 64.398
22 64.332
24 64.405
2 64.412
4 64.395
6 64.382
8 64.396
10 64.401
12 64.412
14 64.430
16 64.407
18 64.415
20 64.360
22 64.372
24 64.398
2 64.314
4 71.088
6 64.395
8 64.397
10 64.423
12 64.384
14 64.407
16 64.407
18 64.405
20 64.404
22 64.404
24 64.397
2 64.404
4 64.398
6 64.374
8 64.374
10 64.393
12 64.410
14 64.376
16 64.403
18 64.396
20 64.433
22 64.373
24 64.398
