2 11663.149
4 5894.260
6 4389.793
8 2981.281
10 3022.427
12 2360.445
14 2948.896
16 2312.786
18 2291.412
20 2279.998
22 2288.057
24 2285.924
2 11664.913
4 5878.024
6 4351.395
8 2963.372
10 2918.039
12 2420.282
14 2933.943
16 2284.438
18 2277.821
20 2300.853
22 2248.754
24 2497.135
2 11967.163
4 5872.916
6 4358.281
8 2973.067
10 2900.256
12 2337.723
14 3007.852
16 2269.181
18 2292.675
20 2285.171
22 2234.743
24 2233.453
2 11669.402
4 5878.425
6 4348.400
8 2970.931
10 2903.351
12 2346.321
14 2890.823
16 2285.479
18 2280.272
20 2279.160
22 2271.325
24 2303.531
2 11695.588
4 5893.771
6 4366.123
8 2993.884
10 2898.279
12 2415.238
14 2950.849
16 2290.201
18 2284.396
20 2306.199
22 2277.248
24 2462.095
2 11671.315
4 5900.917
6 4365.763
8 2983.489
10 2913.135
12 2246.888
14 3016.070
16 2271.228
18 2289.948
20 2280.557
22 2276.045
24 2469.027
2 11667.145
4 5878.666
6 4350.832
8 2996.109
10 2902.253
12 2358.078
14 2995.140
16 2280.831
18 2288.687
20 2281.175
22 2282.449
24 2479.412
2 11660.984
4 5880.941
6 4362.625
8 2991.448
10 2916.420
12 2340.932
14 3053.720
16 2262.007
18 2300.483
20 2277.788
22 2292.602
24 2256.947
2 11659.543
4 5855.176
6 4342.332
8 2993.624
10 2929.316
12 2359.455
14 3039.888
16 2279.779
18 2270.216
20 2289.908
22 2267.455
24 2495.115
2 11669.371
4 5862.868
6 4366.167
8 2993.069
10 2911.729
12 2313.031
14 2985.492
16 2283.743
18 2296.757
20 2294.127
22 2280.046
24 2260.328
