2 22999.470
4 23041.792
6 22979.305
8 23012.006
10 23031.474
12 22992.899
14 23008.955
16 23003.219
18 23056.570
20 23004.308
22 23006.051
24 23014.301
2 23030.368
4 23009.922
6 22997.446
8 23035.725
10 23063.940
12 23004.094
14 23006.405
16 23013.252
18 23002.879
20 23081.483
22 23017.731
24 23029.144
2 23027.454
4 23026.470
6 23031.329
8 22981.488
10 23038.318
12 23003.069
14 23027.526
16 22987.585
18 23006.042
20 22986.759
22 23039.271
24 22993.013
2 23008.998
4 23014.504
6 23124.889
8 22992.034
10 23015.957
12 23101.899
14 23030.950
16 23003.726
18 22998.311
20 23057.306
22 23004.314
24 22982.296
2 23003.919
4 23017.064
6 23028.537
8 23028.475
10 23007.352
12 23042.996
14 23057.618
16 23005.083
18 23011.618
20 23035.059
22 23009.160
24 23025.928
2 23029.569
4 23095.129
6 23034.224
8 23009.724
10 23053.551
12 23007.220
14 23017.556
16 23050.490
18 23005.593
20 23000.579
22 23014.228
24 23054.186
2 23047.345
4 23008.249
6 23007.765
8 22993.768
10 23024.780
12 23048.355
14 23002.992
16 22995.667
18 23026.385
20 23008.260
22 22998.524
24 23049.206
2 23074.987
4 23010.781
6 23056.197
8 23002.027
10 23017.487
12 23010.363
14 23020.584
16 23056.645
18 23003.613
20 23008.312
22 23042.005
24 22995.568
2 23011.540
4 23033.316
6 23008.662
8 23024.623
10 23058.865
12 23078.016
14 23020.838
16 23024.114
18 23008.036
20 23004.207
22 23057.029
24 23049.964
2 23018.325
4 23029.096
6 22997.678
8 23015.938
10 23008.248
12 23020.936
14 23012.041
16 23007.105
18 23053.255
20 23007.511
22 23075.492
24 23026.916
