2 17937.563
4 9006.157
6 5806.009
8 5000.544
10 4615.290
12 3608.187
14 3816.518
16 3203.621
18 3216.311
20 3182.640
22 3155.384
24 3685.193
2 18291.857
4 9291.919
6 7032.002
8 5126.312
10 4276.713
12 3406.692
14 3919.993
16 3235.704
18 3189.284
20 3115.279
22 3205.185
24 3574.616
2 18412.352
4 9217.751
6 6415.025
8 5126.962
10 4628.005
12 4285.900
14 4386.863
16 3081.665
18 3346.999
20 3054.607
22 3075.923
24 3387.844
2 18507.987
4 8910.219
6 6100.469
8 4909.892
10 4721.064
12 3542.400
14 3945.484
16 3226.443
18 3324.817
20 3355.362
22 3324.125
24 3079.774
2 18582.131
4 8721.610
6 8676.675
8 4604.100
10 4316.343
12 4106.450
14 4115.874
16 3122.655
18 3129.752
20 3332.904
22 3204.209
24 3400.282
2 19271.040
4 8980.827
6 6514.843
8 4305.566
10 5317.765
12 4072.219
14 3892.803
16 3137.742
18 3075.729
20 3538.676
22 3147.682
24 3151.783
2 18765.046
4 9211.970
6 7740.477
8 4485.416
10 4634.956
12 3299.263
14 4407.687
16 3106.616
18 3324.180
20 3141.534
22 3151.880
24 3442.381
2 18395.416
4 9006.689
6 7056.172
8 4996.439
10 4939.792
12 3650.540
14 4248.960
16 3203.167
18 3226.222
20 3155.898
22 3168.348
24 3275.188
2 18382.886
4 8981.061
6 6493.389
8 5182.164
10 4929.918
12 3852.108
14 4003.572
16 3506.009
18 3535.025
20 3168.505
22 3365.867
24 3379.877
2 18598.874
4 10703.267
6 7379.002
8 4899.775
10 4244.265
12 3902.053
14 3785.905
16 3032.814
18 3396.126
20 3266.807
22 3141.543
24 3108.148
