2 20859.849
4 20810.172
6 20844.792
8 20828.517
10 20786.387
12 20795.176
14 20780.321
16 20826.199
18 20829.244
20 20824.914
22 20834.437
24 20783.794
2 20780.952
4 20812.492
6 20775.592
8 20794.852
10 20847.616
12 20815.216
14 20776.158
16 20796.963
18 20811.538
20 20820.930
22 20851.344
24 20815.978
2 20817.525
4 20779.567
6 20767.278
8 20824.333
10 20797.825
12 20812.789
14 20831.186
16 20803.225
18 20802.065
20 20820.339
22 20760.923
24 20830.378
2 20820.092
4 20813.772
6 20812.101
8 20824.510
10 20806.866
12 20796.239
14 20857.986
16 20749.864
18 20820.459
20 20824.203
22 20820.352
24 20803.635
2 20833.274
4 20816.341
6 20799.189
8 20800.884
10 20774.779
12 20867.611
14 20867.912
16 20807.826
18 20823.617
20 20826.421
22 20826.721
24 20818.172
2 20809.338
4 20930.745
6 20841.326
8 20768.293
10 20775.781
12 20818.948
14 20831.297
16 20837.066
18 20826.870
20 20829.858
22 20751.632
24 20830.599
2 20820.108
4 20878.263
6 20821.445
8 20779.605
10 20772.515
12 20830.511
14 20894.392
16 20816.528
18 20826.301
20 20840.008
22 20819.341
24 20831.917
2 20827.099
4 20787.806
6 20825.302
8 20764.632
10 20767.641
12 20822.264
14 20770.630
16 20830.600
18 20829.784
20 20817.905
22 20812.084
24 20810.867
2 20843.154
4 20834.056
6 20867.727
8 20788.608
10 20843.897
12 20864.195
14 20838.605
16 20822.658
18 20874.192
20 20824.393
22 20806.671
24 20819.454
2 20834.958
4 20837.331
6 20794.757
8 20817.246
10 20772.040
12 20782.410
14 20896.493
16 20792.309
18 20832.440
20 20851.505
22 20809.295
24 20888.208
