2 16584.023
4 16558.070
6 16528.266
8 16538.328
10 16533.872
12 16516.740
14 16535.933
16 16533.005
18 16521.940
20 16536.575
22 16581.342
24 16557.928
2 16537.438
4 16543.704
6 16545.326
8 16548.348
10 16555.054
12 16526.362
14 16555.075
16 16548.212
18 16533.300
20 16565.205
22 16536.253
24 16553.648
2 16581.996
4 16530.299
6 16525.153
8 16535.689
10 16532.096
12 16536.337
14 16528.095
16 16545.365
18 16538.784
20 16523.302
22 16569.535
24 16542.998
2 16521.051
4 16562.846
6 16591.669
8 16515.637
10 16530.695
12 16539.650
14 16535.144
16 16532.012
18 16538.459
20 16530.841
22 16540.220
24 16527.488
2 16583.352
4 16555.339
6 16567.601
8 16529.141
10 16529.567
12 16604.616
14 16566.969
16 16537.346
18 16534.860
20 16538.027
22 16545.750
24 16534.471
2 16553.038
4 16544.024
6 16539.827
8 16550.164
10 16532.270
12 16584.190
14 16526.958
16 16529.163
18 16526.669
20 16527.107
22 16562.827
24 16525.420
2 16564.946
4 16531.536
6 16541.004
8 16559.972
10 16515.416
12 16534.145
14 16539.941
16 16532.384
18 16533.716
20 16524.185
22 16530.368
24 16540.563
2 16525.088
4 16535.879
6 16544.542
8 16549.180
10 16541.534
12 16532.573
14 16539.237
16 16595.672
18 16606.227
20 16538.100
22 16534.856
24 16604.962
2 16530.002
4 16565.118
6 16513.989
8 16529.332
10 16550.358
12 16535.077
14 16527.589
16 16555.935
18 16545.745
20 16519.874
22 16533.236
24 16538.355
2 16532.771
4 16536.354
6 16560.422
8 16531.916
10 16552.035
12 16532.196
14 16532.033
16 16555.525
18 16517.461
20 16543.176
22 16541.823
24 16553.679
