2 11795.464
4 6329.075
6 4305.231
8 3290.726
10 2653.615
12 2319.404
14 3350.837
16 5220.341
18 6284.062
20 6904.377
22 7740.266
24 7968.963
2 11829.043
4 6328.311
6 4265.693
8 3290.681
10 2668.893
12 2385.744
14 3217.299
16 5494.251
18 6329.861
20 6928.908
22 8101.362
24 8642.122
2 11799.719
4 6319.765
6 4279.048
8 3292.450
10 2673.208
12 2268.266
14 3447.638
16 5148.464
18 6077.826
20 7164.754
22 7595.621
24 8236.303
2 13578.227
4 6371.992
6 4260.443
8 3240.720
10 2653.236
12 2440.345
14 3344.545
16 5119.586
18 5849.987
20 6363.651
22 7781.608
24 8251.483
2 11863.680
4 6337.814
6 4295.924
8 3260.891
10 2707.344
12 2396.427
14 3433.250
16 4945.381
18 6287.450
20 6921.691
22 7706.998
24 8782.756
2 11829.426
4 6319.319
6 4275.040
8 3260.972
10 2674.044
12 2385.506
14 3334.419
16 5370.889
18 5978.145
20 7000.831
22 7750.406
24 8883.959
2 11865.199
4 6334.694
6 4272.920
8 3245.431
10 2656.398
12 2422.216
14 3283.695
16 5097.718
18 6327.597
20 6882.492
22 7894.811
24 8476.068
2 11785.908
4 6330.929
6 4340.937
8 3256.954
10 2663.477
12 2360.489
14 2600.444
16 5135.291
18 6360.162
20 6499.435
22 7600.177
24 8636.961
2 11773.457
4 6345.155
6 4318.372
8 3242.158
10 2695.267
12 2418.208
14 3308.225
16 5280.680
18 6085.009
20 6704.898
22 7980.485
24 11062.473
2 11789.932
4 6629.061
6 4278.212
8 3264.768
10 2660.468
12 2389.248
14 3431.208
16 5359.768
18 6274.930
20 7091.418
22 7951.481
24 8557.122
