2 12212.207
4 6510.560
6 4392.371
8 3339.624
10 2706.663
12 2391.559
14 2486.183
16 4222.681
18 5509.022
20 6846.639
22 7335.842
24 8880.907
2 12136.682
4 6543.390
6 4393.628
8 3329.801
10 2732.130
12 2335.962
14 2486.159
16 4036.240
18 5564.596
20 7618.051
22 7362.669
24 8535.504
2 12121.892
4 6541.256
6 4395.313
8 3369.586
10 2721.417
12 2369.800
14 2474.749
16 3956.306
18 5515.672
20 6805.687
22 7535.966
24 8539.488
2 12096.924
4 6524.779
6 4435.334
8 3345.736
10 2721.679
12 2359.274
14 2496.649
16 6023.377
18 5673.066
20 6808.402
22 7225.119
24 7965.561
2 12140.775
4 6527.456
6 4419.805
8 3324.500
10 2719.050
12 2349.178
14 2457.318
16 4190.448
18 6854.650
20 8391.047
22 7915.108
24 7924.443
2 12123.760
4 6482.619
6 4388.959
8 3347.939
10 2725.779
12 2347.064
14 2426.681
16 4254.291
18 5664.196
20 6918.150
22 7411.456
24 8711.951
2 12093.253
4 6521.402
6 4399.394
8 3328.670
10 2725.563
12 2368.043
14 2471.955
16 4243.547
18 5878.143
20 8394.862
22 7385.452
24 8319.979
2 12114.320
4 6559.207
6 4404.878
8 3384.328
10 2724.902
12 2398.920
14 2444.049
16 5908.313
18 5770.786
20 7039.053
22 7018.224
24 8294.381
2 12091.007
4 6506.545
6 4411.967
8 3388.065
10 2746.094
12 2349.114
14 2425.441
16 4273.422
18 5486.061
20 6625.953
22 7200.449
24 8217.235
2 12125.434
4 6561.815
6 4382.896
8 3383.021
10 2760.420
12 2341.664
14 2506.786
16 4194.566
18 5495.298
20 6886.382
22 7370.155
24 8253.038
