2 9110.818
4 4651.171
6 3111.111
8 2358.347
10 1929.564
12 1641.799
14 1940.255
16 1739.735
18 1548.636
20 1401.731
22 1288.382
24 1595.580
2 9112.363
4 4652.822
6 3114.958
8 2383.132
10 1932.387
12 1816.136
14 1953.036
16 1722.361
18 1566.590
20 1403.188
22 1288.417
24 1199.476
2 9138.666
4 4624.092
6 3107.319
8 2359.247
10 1925.341
12 1610.497
14 1951.232
16 1730.567
18 1562.961
20 1407.514
22 1294.054
24 1206.652
2 9129.687
4 4646.151
6 3106.702
8 2378.344
10 1901.611
12 1601.100
14 1947.388
16 1734.530
18 1552.765
20 1405.543
22 1289.630
24 1490.808
2 9128.307
4 4614.976
6 3098.432
8 2347.867
10 1930.556
12 1667.824
14 1950.874
16 1720.699
18 1551.013
20 1399.709
22 1303.365
24 1188.232
2 9112.262
4 4673.568
6 3109.242
8 2360.741
10 1898.623
12 1668.403
14 1932.834
16 1721.117
18 1558.864
20 1404.103
22 1283.717
24 1423.037
2 9146.071
4 4617.782
6 3102.275
8 2359.270
10 1920.639
12 1666.223
14 1942.583
16 1720.345
18 1555.071
20 1403.796
22 1274.853
24 1220.114
2 9109.307
4 4635.640
6 3107.586
8 2360.816
10 1930.549
12 1628.893
14 1940.247
16 1736.962
18 1549.314
20 1400.243
22 1301.113
24 1189.656
2 9112.137
4 4615.346
6 3115.316
8 2369.624
10 1900.721
12 1600.402
14 1952.950
16 1734.696
18 1554.641
20 1389.703
22 1289.445
24 1347.770
2 9120.113
4 4644.703
6 3123.137
8 2366.648
10 1892.752
12 1750.405
14 1943.130
16 1719.364
18 1559.499
20 1398.678
22 1284.297
24 1201.227
