2 22426.972
4 11541.645
6 5797.235
8 5469.583
10 4368.528
12 3853.563
14 4656.197
16 8420.448
18 9737.323
20 11195.964
22 12065.532
24 13801.174
2 16658.279
4 8918.369
6 6234.128
8 4733.996
10 3965.798
12 3669.603
14 3851.747
16 8396.512
18 10286.343
20 11155.714
22 12361.457
24 13573.693
2 16084.356
4 8731.541
6 6008.993
8 4630.621
10 3924.364
12 3607.139
14 4024.817
16 8515.616
18 9810.751
20 11096.976
22 12413.828
24 13341.914
2 16446.171
4 8463.040
6 5934.413
8 4632.013
10 3951.361
12 3647.592
14 4069.622
16 8254.794
18 9915.107
20 10798.587
22 12174.928
24 14041.144
2 17482.610
4 8628.311
6 5931.639
8 4601.814
10 3918.209
12 3620.465
14 4154.785
16 8352.974
18 10051.366
20 10953.785
22 12247.754
24 13824.215
2 16304.505
4 8629.154
6 5927.366
8 4606.786
10 3912.805
12 3555.597
14 3886.239
16 8533.651
18 9820.230
20 10430.903
22 12702.645
24 12631.301
2 16009.987
4 8654.234
6 5905.709
8 4535.520
10 3854.208
12 3599.316
14 3968.482
16 8650.269
18 9951.199
20 11172.745
22 11776.911
24 13308.554
2 15925.394
4 8633.245
6 5926.853
8 4570.276
10 3937.601
12 3585.312
14 3980.451
16 8483.915
18 10615.601
20 11028.457
22 12866.551
24 13918.219
2 15864.749
4 8585.236
6 5947.501
8 4563.117
10 3869.126
12 3568.364
14 3944.059
16 8229.304
18 10163.460
20 11485.609
22 12387.320
24 13979.889
2 16093.917
4 8587.571
6 5931.690
8 4566.479
10 3876.990
12 3613.192
14 6148.208
16 8682.302
18 10232.055
20 11555.978
22 12403.340
24 13785.910
