2 10488.939
4 5259.716
6 3533.661
8 2663.703
10 2374.439
12 1794.067
14 2270.223
16 2034.533
18 1835.563
20 1655.038
22 1511.079
24 1566.866
2 10763.230
4 5257.563
6 3524.789
8 2733.272
10 2127.438
12 2023.957
14 2312.592
16 2045.714
18 1829.500
20 1653.731
22 1509.018
24 1404.809
2 10761.957
4 5320.260
6 3546.259
8 2651.024
10 2198.641
12 1816.404
14 2302.918
16 2048.046
18 1847.831
20 1661.804
22 1497.367
24 1429.123
2 10479.155
4 5261.136
6 3501.219
8 2680.475
10 2124.210
12 1935.886
14 2273.823
16 2046.022
18 1831.510
20 1651.930
22 1521.527
24 1571.370
2 10483.697
4 5230.008
6 3524.618
8 2663.706
10 2135.174
12 1927.936
14 2316.414
16 2054.412
18 1832.778
20 1656.784
22 1512.243
24 1421.869
2 11037.102
4 5255.773
6 3501.427
8 2655.054
10 2172.727
12 2219.619
14 2307.542
16 2065.832
18 1826.525
20 1650.803
22 1510.600
24 1391.041
2 10505.714
4 5258.240
6 3581.541
8 2662.123
10 2162.410
12 2074.999
14 2292.283
16 2059.495
18 1813.342
20 1653.767
22 1511.782
24 1403.091
2 10483.767
4 5270.511
6 3518.146
8 2689.883
10 2226.528
12 1934.836
14 2292.215
16 2062.542
18 1812.899
20 1643.667
22 1515.083
24 1573.601
2 10499.330
4 5295.189
6 3553.552
8 2735.925
10 2154.259
12 1879.126
14 2270.968
16 2039.958
18 1835.515
20 1658.258
22 1520.877
24 1558.959
2 10481.106
4 5260.292
6 3549.615
8 2685.496
10 2233.243
12 1845.249
14 2284.705
16 2046.842
18 1813.604
20 1636.207
22 1518.321
24 1406.485
