2 19380.186
4 19399.294
6 19340.530
8 19308.292
10 19318.167
12 19300.324
14 19246.075
16 19229.966
18 19240.081
20 19190.316
22 19189.195
24 19152.202
2 19173.392
4 19107.226
6 19105.024
8 19127.195
10 19112.683
12 19076.702
14 19034.419
16 19026.266
18 19016.127
20 18975.616
22 19066.800
24 19022.142
2 18990.789
4 18942.327
6 18823.784
8 18931.803
10 18229.005
12 18696.011
14 18671.536
16 18684.809
18 18704.462
20 18605.463
22 18788.876
24 18705.852
2 18741.871
4 18737.728
6 18627.187
8 18593.027
10 18624.854
12 18520.448
14 18633.355
16 18584.071
18 18575.820
20 18629.563
22 18677.939
24 18672.907
2 18609.826
4 18660.337
6 18607.812
8 18521.786
10 18460.416
12 18357.321
14 18393.983
16 18368.050
18 18178.001
20 18286.301
22 18241.017
24 18173.164
2 18175.154
4 18060.691
6 18021.497
8 18185.851
10 17696.604
12 18104.984
14 17702.244
16 18030.216
18 17958.275
20 18055.983
22 17988.924
24 18001.259
2 18060.608
4 18030.004
6 18111.931
8 17941.097
10 17739.226
12 17965.847
14 17973.584
16 17986.424
18 17996.075
20 18002.977
22 17983.051
24 17955.304
2 18032.976
4 18052.706
6 18022.217
8 18095.709
10 17703.913
12 17937.693
14 17951.139
16 17974.528
18 17977.721
20 17955.232
22 17936.138
24 17982.349
2 17899.253
4 18029.876
6 17909.258
8 17966.159
10 18062.900
12 17843.618
14 17908.885
16 17884.585
18 17910.812
20 17886.457
22 17899.459
24 17905.255
2 17895.989
4 17890.652
6 17953.133
8 17885.641
10 17927.187
12 17963.118
14 17872.087
16 17879.887
18 17742.166
20 17895.559
22 17937.816
24 17926.607
