2 35886.481
4 28668.098
6 28051.894
8 27731.927
10 28075.380
12 27918.621
14 28009.775
16 27893.026
18 28079.320
20 27753.264
22 28050.709
24 27927.169
2 28154.432
4 28114.139
6 28023.408
8 28084.745
10 27975.604
12 28118.571
14 28088.574
16 27954.630
18 28121.157
20 27994.600
22 28139.249
24 28001.320
2 27992.130
4 28242.204
6 28155.303
8 28083.864
10 28002.531
12 28053.457
14 27958.072
16 28135.355
18 28068.816
20 27943.073
22 27995.117
24 28029.039
2 28262.465
4 28128.979
6 28099.964
8 28126.459
10 27915.940
12 27965.389
14 28003.411
16 28040.310
18 27937.301
20 28031.534
22 27990.160
24 28022.706
2 28172.292
4 27945.921
6 28071.054
8 28011.499
10 27973.850
12 27966.844
14 28164.954
16 27865.660
18 27888.644
20 27881.790
22 27898.095
24 27992.536
2 27962.070
4 27904.117
6 28001.197
8 28137.403
10 28130.911
12 27926.094
14 27940.399
16 27924.519
18 28045.786
20 28971.119
22 28035.223
24 27951.610
2 27977.215
4 27991.752
6 27766.394
8 28092.052
10 27961.108
12 28916.257
14 29092.762
16 27938.893
18 28946.506
20 27964.059
22 27949.319
24 27949.210
2 27729.344
4 27957.708
6 27882.905
8 27920.861
10 27966.129
12 28122.001
14 27983.875
16 28046.694
18 28119.691
20 28021.030
22 27923.536
24 27986.778
2 28085.813
4 28100.656
6 27949.936
8 28113.944
10 27784.145
12 28111.883
14 28054.946
16 29059.722
18 27967.828
20 28129.003
22 28053.822
24 28104.682
2 28158.455
4 27928.769
6 28163.689
8 27961.166
10 28014.120
12 28060.709
14 28030.000
16 27980.128
18 28064.418
20 28015.379
22 28126.226
24 27965.232
