2 15451.983
4 8493.114
6 5860.492
8 4546.183
10 3838.208
12 3641.815
14 4704.109
16 8602.001
18 9838.285
20 11540.317
22 13454.153
24 14426.426
2 15184.992
4 8481.834
6 5901.558
8 4547.261
10 3852.834
12 3628.162
14 5802.181
16 9622.830
18 10840.987
20 10805.039
22 12400.300
24 14473.913
2 15983.150
4 8581.090
6 5902.489
8 4563.116
10 3788.697
12 3649.251
14 4238.589
16 9028.007
18 10363.936
20 11806.977
22 12816.290
24 13259.056
2 15661.756
4 8518.433
6 5887.755
8 4530.156
10 3771.653
12 3553.512
14 4375.537
16 9414.786
18 9894.636
20 11473.753
22 13000.837
24 13826.251
2 15608.400
4 8531.762
6 5815.978
8 4518.677
10 3913.431
12 3703.095
14 5481.629
16 9342.531
18 10367.684
20 11541.693
22 13201.297
24 13775.745
2 16262.178
4 8516.863
6 5727.951
8 4572.037
10 3855.978
12 3584.506
14 7313.521
16 9083.583
18 10197.876
20 11265.101
22 12178.094
24 14330.654
2 15611.473
4 8576.339
6 5849.701
8 4503.499
10 3874.475
12 3629.658
14 5131.351
16 8994.961
18 10310.219
20 11582.637
22 13204.436
24 14711.546
2 15309.348
4 8522.116
6 5922.314
8 4556.180
10 3853.720
12 3520.542
14 6962.482
16 8560.413
18 10331.504
20 10868.063
22 13206.106
24 13672.308
2 16042.318
4 8657.304
6 5871.849
8 4539.450
10 3830.809
12 3471.321
14 6646.416
16 9767.384
18 10418.135
20 10895.183
22 12806.572
24 13849.810
2 16083.858
4 8370.805
6 5940.320
8 4592.991
10 3899.744
12 3611.425
14 4189.100
16 8593.512
18 10950.123
20 11458.191
22 13060.686
24 13738.020
