2 15513.509
4 8363.900
6 5621.282
8 4289.703
10 3479.310
12 3138.824
14 3094.963
16 3014.648
18 2898.040
20 2863.469
22 2793.798
24 2732.980
2 15504.098
4 8404.151
6 5635.606
8 4268.718
10 3512.651
12 3088.402
14 3077.548
16 2984.629
18 2923.058
20 2879.189
22 2857.815
24 2733.411
2 15255.763
4 8405.479
6 5579.911
8 4254.829
10 3472.128
12 3115.004
14 3081.839
16 2991.282
18 2936.505
20 2868.719
22 2817.958
24 2743.237
2 15547.249
4 8401.743
6 5604.232
8 4287.889
10 3496.098
12 3011.626
14 3052.897
16 2971.959
18 2927.367
20 2852.709
22 2822.103
24 2676.285
2 15577.962
4 8406.786
6 5593.467
8 4263.088
10 3485.352
12 3092.198
14 3057.985
16 2982.312
18 2919.785
20 2858.598
22 2752.574
24 2769.959
2 15455.837
4 8265.542
6 5576.946
8 4240.864
10 3545.760
12 3149.724
14 3102.546
16 2990.912
18 2943.663
20 2893.529
22 2847.256
24 2825.245
2 15617.101
4 8401.913
6 5613.963
8 4333.231
10 3498.700
12 3148.782
14 3086.940
16 3004.432
18 2963.723
20 2884.494
22 2760.922
24 2788.374
2 15499.964
4 8429.888
6 5605.978
8 4259.357
10 3473.653
12 3087.668
14 3105.118
16 2951.479
18 2954.955
20 2881.003
22 2797.523
24 2739.111
2 15511.523
4 8432.792
6 5597.661
8 4260.949
10 3445.352
12 3037.382
14 3054.364
16 2951.152
18 2885.840
20 2873.635
22 2082.455
24 2724.367
2 15389.186
4 8416.173
6 5575.747
8 4230.443
10 3515.136
12 3158.063
14 3098.786
16 2998.929
18 2962.870
20 2900.225
22 2819.498
24 2730.893
