2 24897.336
4 24831.507
6 24864.984
8 24872.140
10 24806.111
12 24869.881
14 24867.477
16 24928.174
18 24832.203
20 24828.009
22 24871.182
24 24836.942
2 24855.604
4 24858.354
6 24899.561
8 24963.251
10 24846.466
12 24861.429
14 24864.387
16 24886.079
18 24836.736
20 24885.649
22 24870.156
24 24870.877
2 24859.988
4 24883.412
6 24829.820
8 24840.020
10 24871.917
12 24919.896
14 24851.251
16 24849.277
18 24858.306
20 24834.487
22 24874.706
24 24836.221
2 24876.582
4 24816.219
6 24892.155
8 24831.947
10 24865.170
12 24830.502
14 24828.332
16 24870.071
18 24825.524
20 24822.383
22 24857.517
24 24857.458
2 24820.846
4 24853.760
6 24830.966
8 24868.051
10 24861.406
12 24876.861
14 24806.749
16 24828.731
18 24853.885
20 24851.647
22 24825.675
24 24887.009
2 24922.948
4 24832.742
6 24821.965
8 24917.079
10 24865.463
12 24850.069
14 24846.848
16 24868.166
18 24826.043
20 24831.167
22 24826.084
24 24834.439
2 24848.549
4 24830.570
6 24871.704
8 24846.143
10 24895.188
12 24871.396
14 24821.848
16 24848.197
18 24819.128
20 24828.256
22 24847.701
24 24836.905
2 24792.811
4 24853.918
6 24914.290
8 24823.737
10 24875.788
12 24824.696
14 24885.130
16 24888.032
18 24830.986
20 24826.053
22 24824.852
24 24825.872
2 24817.120
4 24835.880
6 24846.438
8 24864.688
10 24821.972
12 24814.277
14 24845.810
16 24882.229
18 24818.081
20 24815.088
22 24849.705
24 24885.951
2 24817.977
4 24835.704
6 24823.090
8 24817.780
10 24798.846
12 24816.748
14 24841.697
16 24825.121
18 24819.201
20 24840.658
22 24824.453
24 24823.630
