2 693.373
4 673.578
6 683.794
8 684.980
10 681.964
12 673.267
14 678.152
16 646.953
18 681.851
20 687.536
22 681.348
24 686.522
2 688.546
4 674.437
6 684.631
8 687.050
10 680.354
12 689.542
14 686.789
16 663.298
18 686.968
20 677.586
22 677.045
24 665.453
2 683.070
4 645.445
6 669.035
8 680.068
10 684.948
12 685.112
14 684.122
16 677.817
18 677.090
20 668.218
22 658.581
24 669.452
2 681.156
4 675.522
6 671.935
8 677.577
10 684.969
12 665.749
14 683.921
16 662.089
18 673.554
20 661.819
22 688.506
24 680.862
2 664.037
4 681.723
6 671.663
8 659.739
10 674.355
12 673.753
14 686.007
16 680.554
18 656.142
20 683.162
22 667.493
24 653.858
2 682.752
4 682.410
6 685.521
8 675.527
10 686.879
12 687.614
14 694.931
16 653.994
18 674.437
20 685.275
22 680.094
24 664.044
2 684.470
4 675.694
6 686.614
8 678.006
10 659.901
12 688.666
14 688.625
16 677.219
18 660.958
20 667.972
22 682.598
24 657.660
2 679.678
4 677.110
6 703.551
8 684.808
10 678.625
12 683.478
14 671.684
16 679.785
18 680.835
20 686.412
22 686.364
24 680.915
2 683.058
4 678.430
6 688.548
8 687.777
10 676.874
12 670.698
14 677.954
16 673.125
18 675.676
20 666.997
22 684.661
24 665.119
2 685.429
4 679.279
6 676.856
8 687.014
10 667.612
12 679.390
14 676.040
16 675.922
18 677.673
20 682.460
22 665.372
24 690.888
2 680.030
4 673.774
6 673.770
8 671.063
10 686.408
12 684.341
14 666.479
16 663.294
18 682.944
20 671.025
22 688.387
24 682.193
2 675.711
4 652.262
6 685.242
8 673.386
10 688.735
12 677.195
14 671.504
16 673.137
18 677.478
20 669.939
22 670.961
24 675.313
2 673.515
4 653.675
6 670.522
8 677.999
10 685.734
12 681.091
14 682.848
16 685.129
18 672.207
20 669.008
22 668.791
24 668.104
2 671.309
4 685.935
6 684.488
8 686.436
10 687.089
12 677.476
14 665.218
16 684.056
18 654.659
20 665.485
22 680.313
24 689.959
2 681.305
4 678.617
6 668.654
8 676.327
10 667.804
12 675.668
14 668.793
16 665.870
18 665.964
20 662.783
22 687.999
24 684.032
2 688.413
4 683.559
6 663.911
8 683.455
10 681.820
12 685.016
14 679.786
16 684.497
18 684.524
20 687.253
22 674.551
24 680.701
2 684.879
4 685.223
6 680.309
8 682.121
10 683.074
12 689.899
14 675.602
16 685.955
18 670.180
20 674.272
22 671.986
24 671.304
2 673.108
4 671.575
6 668.930
8 652.453
10 665.959
12 665.850
14 670.101
16 673.060
18 673.633
20 682.789
22 699.161
24 668.853
2 685.004
4 684.484
6 682.677
8 685.907
10 641.023
12 689.100
14 684.199
16 686.592
18 668.255
20 676.097
22 690.384
24 660.010
2 691.495
4 678.448
6 655.490
8 691.136
10 665.897
12 675.012
14 679.879
16 675.684
18 675.245
20 658.670
22 659.391
24 675.547
