2 484.828
4 289.028
6 273.030
8 287.377
10 275.284
12 271.540
14 278.388
16 277.327
18 272.549
20 276.925
22 280.042
24 276.563
2 468.035
4 295.077
6 288.368
8 356.848
10 290.080
12 295.261
14 307.097
16 279.801
18 297.528
20 292.249
22 292.426
24 280.814
2 494.547
4 296.673
6 266.127
8 285.634
10 278.292
12 276.458
14 274.505
16 279.644
18 272.036
20 273.751
22 273.018
24 274.499
2 481.482
4 288.428
6 273.708
8 303.143
10 291.846
12 256.833
14 269.927
16 295.781
18 292.328
20 273.453
22 272.704
24 276.263
2 490.292
4 292.805
6 269.665
8 300.262
10 273.105
12 268.693
14 274.665
16 275.207
18 273.954
20 272.058
22 279.135
24 277.775
2 487.887
4 286.670
6 272.893
8 285.859
10 273.763
12 272.571
14 275.124
16 277.598
18 273.917
20 276.438
22 274.491
24 276.774
2 481.899
4 290.631
6 276.111
8 284.214
10 271.224
12 283.962
14 276.849
16 273.453
18 271.828
20 275.655
22 268.024
24 278.307
2 490.517
4 288.186
6 273.761
8 284.611
10 277.902
12 279.733
14 277.218
16 275.918
18 279.976
20 275.951
22 274.799
24 278.687
2 493.265
4 286.264
6 262.890
8 287.553
10 266.902
12 270.363
14 276.729
16 269.007
18 271.703
20 278.711
22 275.468
24 269.976
2 491.504
4 285.129
6 272.456
8 285.577
10 273.931
12 270.807
14 274.363
16 288.875
18 273.470
20 275.605
22 276.685
24 278.334
2 505.687
4 290.781
6 278.022
8 283.207
10 270.816
12 272.369
14 277.749
16 280.852
18 273.779
20 277.103
22 303.067
24 299.699
2 472.948
4 298.295
6 271.652
8 285.178
10 275.167
12 261.523
14 295.087
16 278.361
18 274.891
20 271.778
22 275.754
24 279.167
2 509.620
4 285.249
6 268.244
8 293.758
10 262.442
12 258.079
14 274.820
16 277.742
18 277.691
20 279.093
22 276.248
24 295.992
2 489.681
4 294.045
6 271.998
8 285.924
10 259.499
12 275.352
14 273.260
16 279.168
18 275.027
20 289.773
22 279.649
24 277.462
2 471.428
4 282.674
6 272.186
8 372.294
10 275.803
12 273.739
14 274.403
16 275.277
18 276.028
20 272.839
22 274.180
24 277.402
2 489.369
4 286.841
6 274.675
8 285.242
10 279.962
12 273.708
14 276.704
16 273.536
18 277.014
20 280.836
22 253.994
24 275.814
2 472.859
4 294.088
6 264.835
8 285.364
10 276.908
12 270.221
14 275.121
16 277.613
18 274.356
20 275.815
22 269.730
24 273.047
