2 385.459
4 259.842
6 273.970
8 243.269
10 293.013
12 274.759
14 265.764
16 257.385
18 265.437
20 265.269
22 259.331
24 260.536
2 388.072
4 238.088
6 276.449
8 234.808
10 288.366
12 271.297
14 258.478
16 274.345
18 264.687
20 264.987
22 259.050
24 261.096
2 384.430
4 258.550
6 278.587
8 239.775
10 292.998
12 280.112
14 260.491
16 279.138
18 264.725
20 260.039
22 258.290
24 265.601
2 384.783
4 269.299
6 273.403
8 242.832
10 285.543
12 268.140
14 266.198
16 260.237
18 258.356
20 260.401
22 262.452
24 262.786
2 383.932
4 241.004
6 276.286
8 240.847
10 292.357
12 277.284
14 260.189
16 263.978
18 258.280
20 268.576
22 267.380
24 260.972
2 393.898
4 248.829
6 272.289
8 245.686
10 284.740
12 275.082
14 266.498
16 263.345
18 260.208
20 262.748
22 264.357
24 265.286
2 386.225
4 241.304
6 273.267
8 237.178
10 284.862
12 277.384
14 258.073
16 256.230
18 266.136
20 268.196
22 264.263
24 266.265
2 383.448
4 241.579
6 283.546
8 246.288
10 276.336
12 274.545
14 256.610
16 263.929
18 267.964
20 261.983
22 253.371
24 263.110
2 392.284
4 243.040
6 279.020
8 248.945
10 287.769
12 274.801
14 259.392
16 262.114
18 266.203
20 260.470
22 263.931
24 264.558
2 391.517
4 241.495
6 278.506
8 243.643
10 283.575
12 277.448
14 259.432
16 261.270
18 264.181
20 262.954
22 264.916
24 265.304
2 387.388
4 240.152
6 287.118
8 238.923
10 284.765
12 266.286
14 260.892
16 266.350
18 258.663
20 266.533
22 269.971
24 262.342
2 389.081
4 245.928
6 263.854
8 245.861
10 270.752
12 275.488
14 263.445
16 259.908
18 266.339
20 272.968
22 261.433
24 264.516
2 387.437
4 254.245
6 287.828
8 240.072
10 291.444
12 274.237
14 260.602
16 275.825
18 265.663
20 267.307
22 265.606
24 264.142
2 376.198
4 241.135
6 287.111
8 241.868
10 282.958
12 271.020
14 263.836
16 254.426
18 268.296
20 275.161
22 263.455
24 264.011
2 388.729
4 240.258
6 276.117
8 232.484
10 298.308
12 279.717
14 258.604
16 264.088
18 264.403
20 263.107
22 257.343
24 261.066
2 378.749
4 262.787
6 284.748
8 272.013
10 285.009
12 283.314
14 261.908
16 265.734
18 262.073
20 258.927
22 264.059
24 258.920
2 399.669
4 239.112
6 293.593
8 246.013
10 279.544
12 265.993
14 263.111
16 263.846
18 262.607
20 270.330
22 263.373
24 269.065
2 387.955
4 239.874
6 286.574
8 244.163
10 268.511
12 277.421
14 263.304
16 264.587
18 261.578
20 264.003
22 256.317
24 266.979
2 389.458
4 240.968
6 274.000
8 243.711
10 281.541
12 270.037
14 253.595
16 260.170
18 260.506
20 268.710
22 256.981
24 262.135
2 382.704
4 238.713
6 282.740
8 238.232
10 277.943
12 283.233
14 258.664
16 284.388
18 256.792
20 258.058
22 268.760
24 264.382
