2 1173.865
4 647.511
6 492.887
8 422.704
10 424.514
12 421.890
14 432.616
16 424.525
18 429.204
20 430.812
22 431.373
24 434.637
2 1173.279
4 664.924
6 497.735
8 430.360
10 423.951
12 431.617
14 431.609
16 425.785
18 432.111
20 435.977
22 431.490
24 431.108
2 1184.995
4 649.970
6 496.855
8 419.929
10 427.361
12 421.800
14 427.598
16 425.628
18 432.145
20 428.573
22 434.030
24 435.139
2 1183.060
4 649.646
6 492.108
8 421.413
10 426.420
12 427.156
14 430.304
16 433.479
18 424.082
20 432.720
22 435.128
24 436.913
2 1181.538
4 653.258
6 496.615
8 421.148
10 432.641
12 427.657
14 429.767
16 428.516
18 435.471
20 433.517
22 420.393
24 459.056
2 1177.430
4 662.169
6 468.955
8 417.139
10 446.158
12 431.748
14 428.756
16 425.337
18 436.694
20 435.043
22 431.257
24 433.410
2 1187.246
4 664.659
6 497.476
8 423.294
10 425.964
12 427.619
14 428.783
16 430.355
18 404.582
20 433.940
22 448.694
24 440.506
2 1145.492
4 652.780
6 494.568
8 424.426
10 409.061
12 442.069
14 438.099
16 449.914
18 440.478
20 452.745
22 442.971
24 439.196
2 1158.119
4 659.042
6 496.682
8 422.811
10 425.105
12 425.757
14 427.020
16 428.518
18 433.536
20 432.460
22 431.248
24 436.510
2 1175.153
4 664.754
6 496.566
8 420.545
10 422.095
12 427.904
14 421.829
16 436.672
18 428.206
20 435.456
22 436.801
24 434.571
2 1186.460
4 637.924
6 493.252
8 429.548
10 431.131
12 425.707
14 435.063
16 427.123
18 430.841
20 430.013
22 433.998
24 436.411
2 1180.634
4 646.559
6 494.000
8 426.050
10 428.708
12 431.310
14 434.695
16 432.957
18 426.937
20 434.704
22 436.480
24 438.068
2 1185.587
4 667.509
6 491.456
8 432.196
10 427.795
12 436.305
14 439.555
16 431.157
18 430.902
20 435.827
22 435.308
24 434.441
2 1192.675
4 660.596
6 508.349
8 419.069
10 426.271
12 428.721
14 427.645
16 427.394
18 427.564
20 434.947
22 428.235
24 454.532
2 1171.479
4 649.946
6 497.389
8 424.763
10 426.622
12 423.801
14 432.062
16 433.585
18 430.531
20 436.031
22 409.510
24 434.639
2 1185.339
4 657.047
6 498.099
8 430.813
10 428.450
12 424.110
14 432.861
16 430.029
18 433.773
20 426.971
22 441.031
24 436.703
2 1175.115
4 638.454
6 500.981
8 425.696
10 417.898
12 432.364
14 429.895
16 429.683
18 433.221
20 437.159
22 434.742
24 440.793
2 1193.609
4 660.655
6 497.548
8 424.251
10 408.700
12 427.959
14 430.739
16 427.377
18 439.434
20 429.934
22 434.710
24 437.381
2 1172.737
4 660.535
6 501.137
8 418.582
10 442.036
12 422.504
14 429.863
16 431.284
18 430.482
20 435.063
22 429.379
24 439.344
2 1187.675
4 662.604
6 497.546
8 427.072
10 429.487
12 428.441
14 409.189
16 436.705
18 426.162
20 429.949
22 432.136
24 438.171
