2 475.709
4 285.122
6 261.090
8 269.725
10 270.461
12 268.925
14 269.822
16 271.690
18 270.013
20 271.918
22 273.212
24 273.754
2 489.913
4 283.536
6 266.965
8 275.030
10 270.577
12 268.395
14 286.376
16 272.426
18 272.565
20 274.078
22 272.403
24 274.732
2 469.671
4 283.835
6 254.037
8 281.959
10 272.592
12 268.278
14 273.837
16 272.056
18 269.848
20 274.152
22 274.985
24 276.094
2 444.183
4 288.391
6 259.465
8 276.545
10 269.791
12 273.264
14 272.085
16 271.448
18 272.147
20 289.611
22 273.961
24 274.122
2 471.806
4 284.844
6 271.136
8 330.624
10 271.344
12 272.184
14 268.252
16 294.038
18 270.583
20 268.558
22 268.283
24 275.702
2 476.297
4 293.410
6 267.323
8 279.728
10 272.946
12 270.871
14 284.319
16 266.323
18 272.801
20 275.446
22 274.586
24 268.468
2 464.598
4 271.063
6 263.212
8 275.019
10 272.685
12 283.341
14 273.025
16 270.021
18 265.218
20 271.159
22 273.752
24 272.206
2 487.447
4 290.881
6 272.644
8 280.070
10 266.191
12 275.176
14 274.184
16 273.423
18 269.359
20 273.329
22 273.307
24 275.678
2 439.555
4 286.710
6 264.224
8 274.002
10 267.827
12 268.939
14 272.514
16 272.550
18 273.702
20 278.350
22 264.649
24 252.491
2 494.978
4 283.235
6 262.001
8 339.817
10 270.704
12 270.747
14 268.909
16 264.707
18 272.568
20 273.918
22 277.184
24 278.550
