2 763.828
4 778.380
6 739.878
8 748.465
10 833.295
12 756.081
14 763.708
16 762.308
18 771.584
20 760.820
22 773.715
24 762.999
2 816.374
4 748.025
6 743.372
8 841.881
10 764.397
12 787.516
14 750.634
16 745.718
18 763.180
20 759.546
22 766.857
24 741.644
2 760.230
4 832.766
6 813.805
8 773.901
10 768.353
12 777.974
14 754.962
16 765.197
18 729.950
20 760.824
22 755.515
24 768.658
2 763.520
4 795.794
6 752.276
8 738.102
10 758.773
12 759.286
14 758.140
16 768.979
18 772.069
20 816.148
22 736.625
24 733.645
2 763.152
4 759.201
6 745.482
8 816.423
10 789.323
12 764.216
14 761.798
16 761.247
18 737.947
20 760.108
22 798.696
24 746.098
2 751.086
4 769.222
6 736.053
8 870.159
10 752.477
12 763.386
14 754.539
16 764.790
18 763.357
20 763.729
22 753.406
24 760.619
2 829.320
4 761.205
6 765.996
8 757.900
10 762.578
12 763.583
14 766.813
16 791.899
18 753.349
20 755.477
22 763.143
24 759.956
2 752.404
4 762.931
6 771.316
8 765.558
10 755.251
12 756.003
14 776.472
16 759.124
18 805.056
20 765.342
22 789.929
24 760.841
2 762.013
4 762.289
6 763.539
8 761.299
10 780.004
12 765.016
14 761.324
16 789.845
18 763.995
20 786.731
22 763.081
24 753.223
2 742.359
4 762.771
6 761.672
8 761.189
10 765.860
12 753.392
14 807.966
16 847.373
18 847.175
20 763.077
22 766.572
24 742.476
2 753.396
4 822.148
6 763.064
8 762.333
10 768.164
12 757.060
14 757.827
16 792.814
18 756.973
20 766.993
22 752.965
24 757.821
2 837.242
4 836.754
6 731.434
8 829.789
10 760.652
12 764.141
14 818.841
16 753.798
18 764.315
20 760.505
22 808.920
24 762.814
2 761.266
4 760.589
6 761.886
8 762.783
10 769.881
12 750.581
14 757.705
16 812.855
18 780.521
20 758.174
22 757.551
24 759.516
2 763.550
4 776.854
6 730.981
8 762.273
10 759.494
12 813.608
14 757.135
16 761.432
18 755.512
20 760.223
22 808.551
24 786.540
2 762.819
4 843.802
6 763.706
8 766.195
10 853.037
12 751.643
14 762.324
16 753.618
18 758.358
20 762.868
22 765.252
24 752.750
2 754.775
4 763.163
6 790.510
8 767.455
10 752.606
12 783.163
14 792.496
16 763.409
18 766.863
20 770.302
22 770.004
24 832.648
2 761.899
4 752.807
6 755.777
8 768.266
10 762.555
12 755.452
14 762.948
16 813.352
18 763.992
20 767.924
22 762.125
24 755.209
2 763.014
4 785.600
6 763.224
8 765.053
10 756.004
12 741.677
14 752.425
16 755.727
18 867.526
20 765.430
22 765.789
24 787.900
2 740.236
4 764.095
6 758.239
8 766.168
10 765.275
12 761.659
14 761.169
16 763.149
18 803.025
20 765.336
22 763.994
24 774.856
2 751.879
4 759.696
6 759.765
8 840.264
10 757.924
12 760.552
14 777.780
16 837.595
18 799.280
20 792.374
22 904.543
24 760.689
