2 466.719
4 285.289
6 265.899
8 283.671
10 271.888
12 273.350
14 272.926
16 273.535
18 270.484
20 271.301
22 276.306
24 270.729
2 461.954
4 275.966
6 264.038
8 272.441
10 268.247
12 271.861
14 271.526
16 273.229
18 269.107
20 275.452
22 271.045
24 289.761
2 448.553
4 282.181
6 267.422
8 286.743
10 272.292
12 270.967
14 274.195
16 251.333
18 276.626
20 274.859
22 271.600
24 294.833
2 464.244
4 288.529
6 259.169
8 345.934
10 270.946
12 271.657
14 270.808
16 275.576
18 276.952
20 271.447
22 270.669
24 276.544
2 487.301
4 286.563
6 268.253
8 277.035
10 269.809
12 267.746
14 271.734
16 270.972
18 271.019
20 273.690
22 271.803
24 294.659
2 461.327
4 283.679
6 267.668
8 302.817
10 273.496
12 268.208
14 271.236
16 278.542
18 272.692
20 272.092
22 274.026
24 293.937
2 462.502
4 278.918
6 260.873
8 268.702
10 270.910
12 270.830
14 274.080
16 270.600
18 272.073
20 289.525
22 270.535
24 273.011
2 459.310
4 292.550
6 265.734
8 270.160
10 265.242
12 270.829
14 252.035
16 271.765
18 266.877
20 253.941
22 272.867
24 276.394
2 480.763
4 279.325
6 277.939
8 274.129
10 271.623
12 254.268
14 271.952
16 273.267
18 269.091
20 272.004
22 277.128
24 273.750
2 444.388
4 281.935
6 265.606
8 280.272
10 270.684
12 270.940
14 271.738
16 272.731
18 290.638
20 271.258
22 273.302
24 272.977
