2 848.488
4 867.577
6 897.968
8 858.305
10 860.314
12 864.554
14 855.680
16 846.226
18 866.547
20 839.090
22 863.013
24 860.376
2 860.170
4 782.864
6 871.609
8 848.235
10 856.020
12 865.998
14 866.134
16 873.585
18 944.101
20 884.139
22 858.056
24 846.644
2 843.762
4 864.317
6 861.576
8 856.239
10 856.582
12 849.941
14 866.163
16 863.285
18 864.732
20 868.152
22 872.099
24 863.860
2 870.798
4 867.347
6 871.405
8 863.568
10 848.452
12 848.323
14 856.466
16 850.677
18 858.876
20 862.155
22 842.367
24 866.982
2 903.032
4 898.987
6 866.386
8 857.190
10 857.951
12 817.292
14 855.163
16 861.797
18 866.235
20 865.481
22 871.403
24 854.916
2 854.802
4 857.805
6 858.252
8 861.434
10 864.236
12 853.156
14 866.691
16 847.216
18 863.563
20 859.869
22 861.834
24 862.001
2 875.812
4 897.777
6 864.347
8 858.052
10 862.202
12 866.739
14 862.092
16 872.737
18 875.952
20 865.670
22 865.052
24 864.239
2 865.293
4 863.565
6 859.941
8 881.763
10 836.338
12 847.877
14 885.428
16 867.104
18 856.220
20 863.741
22 866.321
24 842.652
2 859.035
4 853.283
6 855.809
8 877.136
10 865.274
12 855.450
14 872.788
16 859.060
18 857.563
20 879.134
22 862.653
24 865.400
2 863.884
4 864.490
6 863.517
8 865.906
10 858.236
12 866.644
14 964.842
16 865.654
18 850.058
20 867.590
22 872.618
24 858.329
2 822.891
4 858.984
6 863.478
8 873.419
10 937.752
12 868.557
14 970.714
16 868.310
18 872.801
20 852.811
22 862.014
24 906.102
2 864.689
4 905.870
6 855.426
8 864.229
10 899.636
12 874.462
14 820.837
16 862.758
18 852.770
20 835.711
22 870.363
24 864.782
2 868.127
4 834.515
6 877.064
8 857.721
10 857.311
12 864.084
14 876.358
16 865.136
18 862.653
20 880.402
22 876.632
24 945.455
2 859.885
4 861.702
6 897.336
8 863.641
10 861.747
12 860.838
14 864.688
16 939.328
18 862.809
20 868.341
22 898.987
24 864.751
2 918.728
4 868.730
6 865.086
8 932.819
10 860.647
12 865.938
14 909.298
16 957.018
18 855.195
20 864.437
22 857.192
24 888.151
2 889.580
4 846.984
6 858.257
8 848.291
10 862.707
12 863.932
14 865.093
16 855.539
18 844.725
20 860.858
22 862.165
24 864.865
2 863.902
4 865.175
6 850.934
8 872.451
10 875.549
12 863.299
14 863.567
16 861.244
18 866.273
20 910.190
22 864.344
24 853.910
2 902.830
4 866.762
6 869.562
8 912.239
10 895.644
12 864.632
14 885.463
16 868.364
18 861.739
20 885.302
22 866.972
24 863.966
2 851.844
4 872.326
6 861.353
8 861.498
10 851.308
12 867.813
14 917.568
16 853.096
18 884.974
20 853.286
22 849.521
24 852.267
2 843.237
4 838.805
6 872.697
8 876.274
10 867.668
12 857.931
14 858.639
16 865.472
18 864.656
20 891.954
22 907.452
24 930.905
