2 944.747
4 523.378
6 412.366
8 362.557
10 476.941
12 429.626
14 411.195
16 424.366
18 428.071
20 409.958
22 419.837
24 419.227
2 925.004
4 508.482
6 418.830
8 357.230
10 485.425
12 426.608
14 408.610
16 404.618
18 421.981
20 405.088
22 442.038
24 420.270
2 946.115
4 522.842
6 423.111
8 346.595
10 464.966
12 434.440
14 408.764
16 409.197
18 415.788
20 410.183
22 413.514
24 426.736
2 930.839
4 520.584
6 424.347
8 333.161
10 479.048
12 425.584
14 410.776
16 387.034
18 425.648
20 419.713
22 420.569
24 427.404
2 903.302
4 520.194
6 414.680
8 349.294
10 470.262
12 429.423
14 415.181
16 424.787
18 426.073
20 414.630
22 420.874
24 430.780
2 919.818
4 572.603
6 411.124
8 346.267
10 465.271
12 411.707
14 414.105
16 422.330
18 424.332
20 420.778
22 430.168
24 433.682
2 936.566
4 510.653
6 418.787
8 359.771
10 482.616
12 427.959
14 405.340
16 416.792
18 424.448
20 414.471
22 448.464
24 425.056
2 948.675
4 520.932
6 418.464
8 361.637
10 474.490
12 442.820
14 409.808
16 430.217
18 433.946
20 410.041
22 423.763
24 415.194
2 1026.891
4 525.482
6 425.371
8 343.441
10 468.963
12 432.560
14 410.410
16 422.115
18 430.043
20 416.630
22 420.069
24 415.400
2 880.036
4 506.960
6 415.950
8 348.943
10 477.860
12 433.289
14 414.584
16 426.504
18 423.680
20 421.143
22 419.770
24 427.529
