2 490.978
4 293.928
6 328.016
8 360.239
10 349.213
12 324.955
14 310.415
16 308.768
18 319.293
20 321.290
22 312.302
24 311.962
2 487.626
4 350.230
6 335.804
8 289.403
10 339.445
12 326.593
14 318.206
16 311.868
18 302.618
20 318.233
22 314.085
24 317.823
2 494.213
4 296.692
6 335.445
8 286.763
10 332.295
12 307.879
14 314.038
16 310.126
18 322.724
20 317.219
22 309.788
24 312.697
2 489.208
4 281.289
6 332.749
8 287.690
10 332.465
12 328.920
14 305.525
16 312.495
18 323.300
20 307.855
22 314.446
24 313.397
2 529.404
4 291.979
6 331.896
8 284.838
10 335.238
12 319.060
14 312.079
16 312.238
18 328.283
20 308.729
22 316.370
24 312.603
2 491.700
4 294.048
6 346.931
8 288.938
10 334.448
12 333.980
14 310.656
16 317.679
18 314.466
20 305.733
22 320.779
24 316.175
2 491.700
4 300.780
6 349.028
8 288.626
10 333.983
12 323.593
14 312.353
16 306.886
18 317.825
20 316.907
22 316.184
24 311.939
2 503.605
4 321.968
6 322.906
8 286.917
10 329.658
12 324.645
14 309.695
16 311.967
18 318.034
20 317.335
22 322.597
24 320.646
2 534.695
4 293.243
6 339.287
8 290.618
10 331.039
12 333.270
14 310.920
16 318.446
18 319.987
20 322.257
22 322.785
24 330.316
2 493.011
4 278.720
6 342.095
8 291.935
10 340.754
12 325.077
14 318.069
16 299.288
18 315.341
20 317.753
22 319.981
24 320.653
