2 772.248
4 767.933
6 771.420
8 760.159
10 800.294
12 773.579
14 910.156
16 953.250
18 985.533
20 976.890
22 968.864
24 1015.446
2 776.841
4 789.339
6 769.372
8 773.594
10 760.121
12 784.458
14 885.420
16 955.646
18 960.834
20 935.197
22 997.850
24 1007.689
2 781.163
4 777.177
6 767.495
8 765.503
10 763.204
12 794.393
14 854.248
16 942.194
18 932.754
20 966.675
22 929.609
24 1005.709
2 773.186
4 778.268
6 769.327
8 780.355
10 838.698
12 826.784
14 890.299
16 917.704
18 977.244
20 926.302
22 976.929
24 1013.908
2 777.347
4 781.373
6 775.149
8 754.048
10 767.101
12 757.423
14 883.087
16 949.216
18 984.602
20 979.741
22 1017.200
24 1029.567
2 777.152
4 775.109
6 769.681
8 760.388
10 771.309
12 807.520
14 874.301
16 970.804
18 969.051
20 977.776
22 1000.038
24 1166.444
2 781.268
4 770.016
6 873.196
8 777.522
10 772.705
12 781.035
14 868.045
16 948.741
18 1002.470
20 990.118
22 983.330
24 1001.510
2 774.961
4 772.421
6 779.946
8 777.317
10 756.201
12 793.970
14 883.846
16 928.515
18 973.017
20 947.673
22 971.001
24 957.597
2 775.268
4 789.573
6 769.283
8 763.775
10 768.952
12 759.576
14 898.369
16 965.833
18 971.497
20 970.949
22 999.052
24 1001.560
2 772.349
4 779.568
6 770.618
8 776.329
10 774.785
12 784.654
14 886.721
16 919.504
18 954.914
20 992.189
22 987.326
24 1019.063
