2 12012.559
4 6081.787
6 4429.949
8 3088.361
10 2958.036
12 2308.467
14 2297.899
16 2249.645
18 2226.557
20 2246.129
22 2229.189
24 2227.624
2 11994.196
4 6026.276
6 4442.513
8 3062.005
10 2948.952
12 2310.257
14 2287.649
16 2242.903
18 2244.778
20 2217.499
22 2218.457
24 2402.347
2 12028.813
4 6072.324
6 4429.214
8 3104.925
10 2978.052
12 2300.624
14 2353.168
16 2248.847
18 2240.380
20 2230.081
22 2223.483
24 2256.512
2 11958.940
4 6034.215
6 4459.251
8 3072.927
10 2949.933
12 2405.978
14 2284.760
16 2245.936
18 2217.379
20 2221.090
22 2220.348
24 2221.873
2 11885.662
4 6042.297
6 4425.429
8 3077.833
10 2950.367
12 2294.378
14 2297.153
16 2245.391
18 2234.667
20 2266.713
22 2212.582
24 2261.280
2 11939.062
4 6042.201
6 4432.724
8 3073.474
10 2964.863
12 2 11982.337
4 6022.702
6 4428.763
8 3069.536
10 2939.600
12 2307.984
14 2278.227
16 2244.575
18 2257.322
20 2217.913
22 2256.715
24 2411.897
2 11922.565
4 6029.215
6 4415.240
8 3073.294
10 2963.514
12 2300.299
14 2282.776
16 2249.190
18 2237.823
20 2225.088
22 2209.487
24 2413.578
2 11874.846
4 6025.756
6 4428.052
8 3080.023
10 2949.289
12 2311.483
14 2283.633
16 2233.777
18 2231.956
20 2215.947
22 2223.627
24 2412.136
2 12027.386
4 6052.640
6 4439.300
8 3084.317
10 2943.804
12 2305.957
14 2285.329
16 2253.169
18 2243.390
20 2220.523
22 2224.661
24 2388.245
2 11869.822
4 6177.013
6 4427.190
8 3091.173
10 2939.969
12 2314.473
14 2277.857
16 2244.244
18 2237.645
20 2229.778
22 2218.753
24 2218.808
2 11991.008
4 6078.910
6 4444.541
8 3075.927
10 2954.371
12 2304.131
14 2285.812
16 2238.021
18 2269.616
20 2243.865
22 2242.713
24 2401.650
2 11985.208
4 6130.474
6 4454.044
8 3054.354
10 2954.907
12 2313.026
14 2290.612
16 2247.512
18 2238.644
20 2223.801
22 2223.899
24 2391.428
2 11894.280
4 6046.974
6 4428.181
8 3067.866
10 2968.701
12 2320.082
14 2277.998
16 2242.438
18 2231.386
20 2219.050
22 2218.898
24 2388.266
2 11924.588
4 6034.245
6 4420.293
8 3087.278
10 2953.491
12 2317.036
14 2280.222
16 2263.797
18 2233.756
20 2228.356
22 2210.857
24 2224.174
2 12014.588
4 6027.415
6 4433.167
8 3073.000
10 2944.702
12 2307.846
14 2276.575
16 2245.019
18 2239.295
20 2224.539
22 2242.287
24 2413.118
2326.454
