2 40233.249
4 20182.845
6 13577.590
8 10263.878
10 8281.055
12 6991.884
14 6439.435
16 6005.296
18 5592.712
20 5253.388
22 4925.956
24 4658.789
2 40278.621
4 20234.469
6 13396.455
8 10164.179
10 8337.702
12 7013.250
14 6441.766
16 6010.680
18 5601.741
20 5235.816
22 4932.016
24 4665.040
2 40354.732
4 20153.232
6 13412.230
8 10263.882
10 8308.520
12 6883.507
14 6348.893
16 5983.556
18 5586.988
20 5236.306
22 4929.493
24 4670.130
2 40370.924
4 20158.488
6 13580.029
8 10273.839
10 8279.737
12 7030.533
14 6365.861
16 6008.442
18 5580.292
20 5184.690
22 4926.477
24 4677.847
2 40369.693
4 20156.698
6 13547.563
8 10272.192
10 8313.749
12 7058.930
14 6443.005
16 5996.860
18 5596.598
20 5204.501
22 4957.352
24 4687.275
2 40239.807
4 20156.459
6 13559.498
8 10245.460
10 8290.488
12 6967.103
14 6319.336
16 5979.236
18 5532.528
20 5220.909
22 4940.390
24 4659.807
2 40302.140
4 20190.279
6 13560.019
8 10258.862
10 8273.804
12 6968.473
14 6428.019
16 5994.356
18 5570.532
20 5228.239
22 4912.440
24 4672.486
2 40255.881
4 19929.847
6 13598.526
8 10249.207
10 8277.414
12 6963.321
14 6436.422
16 5998.403
18 5601.090
20 5192.202
22 4927.001
24 4656.960
2 40255.552
4 20359.090
6 13556.852
8 10253.545
10 8288.508
12 7000.376
14 6435.163
16 5983.272
18 5592.478
20 5256.785
22 4941.760
24 4703.224
2 40265.570
4 20202.398
6 13574.485
8 10263.850
10 8280.323
12 6962.986
14 6429.832
16 5998.921
18 5612.464
20 5239.858
22 4998.663
24 4676.423
