2 123.855
4 123.903
6 117.213
8 112.993
10 113.392
12 113.186
14 113.237
16 113.564
18 123.884
20 117.425
22 112.979
24 113.433
2 113.192
4 113.277
6 114.244
8 113.191
10 123.800
12 117.263
14 113.346
16 112.761
18 113.025
20 113.712
22 113.420
24 114.000
2 123.837
4 117.269
6 113.418
8 113.349
10 113.344
12 113.418
14 113.719
16 114.942
18 121.798
20 117.297
22 113.286
24 112.827
2 113.536
4 113.539
6 113.285
8 113.367
10 122.862
12 117.275
14 113.074
16 113.530
18 113.058
20 112.794
22 113.623
24 113.183
2 123.514
4 117.447
6 113.172
8 113.428
10 114.102
12 113.622
14 113.469
16 114.001
18 123.934
20 117.405
22 112.998
24 113.530
2 112.865
4 113.414
6 113.392
8 123.691
10 116.323
12 113.970
14 113.442
16 113.419
18 112.637
20 113.253
22 123.641
24 117.315
2 113.120
4 113.407
6 112.602
8 113.440
10 114.827
12 113.260
14 123.679
16 116.594
18 113.456
20 113.429
22 113.466
24 113.288
2 114.201
4 113.378
6 122.726
8 117.335
10 113.303
12 113.512
14 113.438
16 112.876
18 113.342
20 123.640
22 117.334
24 113.163
2 112.510
4 113.438
6 114.216
8 113.305
10 112.811
12 123.649
14 117.326
16 113.433
18 113.467
20 113.418
22 112.882
24 113.348
2 123.697
4 117.322
6 113.396
8 114.144
10 113.455
12 113.371
14 114.205
16 113.512
18 121.969
20 116.432
22 115.458
24 112.589
