2 758.461
4 756.857
6 752.451
8 757.255
10 745.455
12 748.263
14 920.148
16 982.473
18 1012.381
20 1027.482
22 1080.784
24 1212.339
2 754.368
4 762.008
6 763.456
8 755.660
10 743.405
12 811.156
14 926.302
16 1000.756
18 995.843
20 1017.413
22 1041.169
24 1032.913
2 742.156
4 775.991
6 754.520
8 760.381
10 734.519
12 771.595
14 928.765
16 937.638
18 1066.445
20 1012.631
22 1036.849
24 1150.071
2 758.679
4 761.568
6 768.009
8 759.608
10 761.297
12 771.019
14 868.698
16 982.386
18 1031.100
20 1036.617
22 1054.339
24 1048.052
2 756.965
4 773.055
6 749.407
8 760.737
10 732.614
12 751.240
14 926.243
16 1027.063
18 1011.620
20 1045.241
22 1038.211
24 1233.681
2 761.039
4 767.735
6 752.475
8 747.776
10 744.655
12 751.321
14 932.042
16 933.314
18 1031.222
20 1032.573
22 986.153
24 1043.270
2 755.248
4 758.465
6 729.427
8 750.732
10 755.806
12 760.344
14 928.258
16 962.155
18 1033.351
20 1031.517
22 1035.741
24 1237.501
2 772.094
4 768.290
6 756.501
8 744.917
10 753.426
12 776.367
14 901.782
16 994.252
18 1028.012
20 1023.572
22 994.289
24 1054.466
2 760.265
4 756.586
6 741.885
8 761.099
10 760.638
12 2 753.863
4 762.120
6 755.657
8 756.785
10 837.552
12 755.985
14 936.089
16 1007.624
18 1009.234
20 1030.798
22 1031.745
24 1046.434
2 745.036
4 760.241
6 754.684
8 755.813
10 768.844
12 816.612
14 929.949
16 986.608
18 994.814
20 1028.565
22 1023.861
24 1018.947
2 738.414
4 756.687
6 755.469
8 756.018
10 784.905
12 751.781
14 909.889
16 975.460
18 1025.385
20 1012.379
22 991.680
24 1061.916
2 776.839
4 761.631
6 725.340
8 764.980
10 750.597
12 737.522
14 910.520
16 957.914
18 1026.589
20 1028.073
22 1058.080
24 1070.961
2 760.978
4 755.236
6 755.969
8 761.317
10 760.020
12 816.184
14 901.340
16 954.719
18 1026.700
20 995.118
22 1051.192
24 1062.849
2 759.077
4 777.722
6 756.223
8 762.258
10 774.028
12 793.995
14 914.258
16 940.366
18 1036.651
20 1053.178
22 1020.809
24 1060.391
2 739.279
4 756.676
6 748.450
8 762.417
10 751.272
12 796.986
14 889.232
16 1015.505
18 961.740
20 1040.179
22 1034.423
24 1063.077
2 761.691
4 766.253
6 758.642
8 763.595
10 785.218
12 747.541
14 877.646
16 974.588
18 997.351
20 1016.342
22 1128.604
24 1179.255
2 754.506
4 759.681
6 753.361
8 759.805
10 763.337
12 769.454
14 946.520
16 954.645
18 1007.083
20 1027.172
22 1048.819
24 1062.090
2 750.494
4 758.452
6 760.075
8 756.039
10 775.285
12 811.897
14 878.837
16 984.025
18 971.903
20 1036.183
22 1032.745
24 1053.419
836.871
