2 17860.735
4 9208.796
6 6477.547
8 4857.485
10 4278.294
12 3580.506
14 3363.565
16 3114.115
18 3110.516
20 3073.534
22 3023.731
24 3203.078
2 17524.898
4 9268.708
6 6436.235
8 4817.225
10 4247.783
12 3522.364
14 3376.173
16 3100.714
18 3098.446
20 3013.226
22 3005.952
24 3024.636
2 18690.567
4 9242.348
6 6466.305
8 4850.603
10 4230.976
12 3532.474
14 3381.361
16 3131.643
18 3105.456
20 3039.458
22 3008.869
24 3236.053
2 17977.686
4 9292.702
6 6474.884
8 4829.553
10 4261.361
12 3543.876
14 3379.051
16 3174.454
18 3070.776
20 3019.143
22 3014.777
24 3131.081
2 18123.494
4 9291.361
6 6446.765
8 4883.095
10 4273.881
12 3567.312
14 3401.520
16 3150.460
18 3061.386
20 3081.466
22 3034.465
24 3061.657
2 18446.995
4 9206.458
6 6444.025
8 4841.082
10 4248.101
12 3535.719
14 3434.877
16 3121.906
18 3046.331
20 3029.327
22 3049.480
24 3044.668
2 18113.638
4 9152.294
6 6443.871
8 4824.424
10 4278.163
12 3525.684
14 3378.894
16 3152.250
18 3106.499
20 3067.359
22 3039.533
24 3178.576
2 18526.827
4 9233.776
6 6463.237
8 4849.465
10 4238.238
12 3557.150
14 3400.573
16 3141.844
18 3040.974
20 3040.339
22 3029.075
24 3182.528
2 18213.511
4 9208.742
6 6474.850
8 4861.071
10 4254.468
12 3562.093
14 3386.093
16 3149.469
18 3067.359
20 3048.813
22 3000.876
24 3173.174
2 18525.205
4 9250.249
6 6486.557
8 4816.024
10 4255.689
12 3573.391
14 3395.773
16 3134.861
18 2995.533
20 3036.112
22 3018.478
24 3164.475
