2 30378.405
4 13616.769
6 9916.135
8 7312.246
10 5844.943
12 4643.594
14 4430.306
16 4081.010
18 3837.280
20 3683.758
22 3434.075
24 3351.388
2 27843.198
4 13846.034
6 9118.907
8 6965.317
10 5595.903
12 4765.904
14 4395.523
16 4127.259
18 3828.267
20 3687.913
22 3462.765
24 3291.615
2 27701.640
4 13805.807
6 9256.781
8 6941.553
10 5565.054
12 4648.281
14 4386.626
16 4095.441
18 3875.698
20 3676.353
22 3449.895
24 3256.677
2 27748.944
4 13655.864
6 9291.654
8 6986.287
10 5597.979
12 2 2 30683.215
4 15121.696
6 9898.061
8 7384.145
10 5538.076
12 4832.201
14 4333.436
16 4162.346
18 3897.168
20 3694.768
22 3487.604
24 3305.830
2 27774.954
4 13681.018
6 9324.897
8 6952.539
10 5546.283
12 4731.462
14 4391.012
16 4149.146
18 3872.589
20 3613.360
22 3464.888
24 3282.093
2 27201.791
4 13671.081
6 9268.051
8 6900.784
10 5632.459
12 4787.042
14 4374.347
16 4113.757
18 3822.914
20 3621.206
22 3421.496
24 3326.736
2 27397.493
4 13757.872
6 9189.165
8 6948.433
10 5586.721
12 4728.977
14 4367.123
16 4153.809
18 3877.571
20 3639.157
22 3455.132
24 3346.107
2 27521.833
4 13734.828
6 9116.245
8 6921.219
10 5515.191
12 4683.036
14 4374.842
16 4089.424
18 3849.110
20 3632.321
22 3457.227
24 3307.251
2 27535.652
4 13693.218
6 9208.367
8 6929.931
10 5548.023
12 4676.835
14 4368.292
16 4102.537
18 3855.811
20 3620.772
22 3442.618
24 3291.989
2 27474.560
4 13733.996
6 9217.262
8 6904.652
10 5553.465
12 4633.538
14 4386.394
16 4096.877
18 3855.107
20 3647.641
22 3431.983
24 3313.735
2 27428.164
4 13765.368
6 9249.911
8 6923.465
10 5549.075
12 4662.346
14 4374.898
16 4101.782
18 3822.308
20 3644.135
22 3463.391
24 3275.086
2 27450.524
4 13740.359
6 9183.686
8 6922.604
10 5516.486
12 4680.348
14 4366.385
16 4101.739
18 3841.172
20 3642.255
22 3440.290
24 3256.693
2 27317.142
4 13748.494
6 9152.670
8 6884.379
10 5531.371
12 4716.252
14 4363.654
16 4066.779
18 3842.573
20 3634.977
22 3441.264
24 3291.290
4200161.307
5311.095
