2 11809.186
4 6349.481
6 4290.275
8 3263.743
10 2674.386
12 2367.963
14 3026.438
16 4840.974
18 6217.630
20 6727.737
22 7566.593
24 8603.336
2 11892.594
4 6355.740
6 4311.424
8 3268.782
10 2655.485
12 2357.979
14 2471.514
16 4848.558
18 5562.143
20 7085.246
22 7393.413
24 9085.050
2 11826.053
4 6344.389
6 4257.491
8 3253.692
10 2656.612
12 2360.134
14 3230.916
16 5193.213
18 5697.709
20 7215.252
22 7983.117
24 7742.941
2 11831.970
4 6338.709
6 4289.105
8 3268.821
10 2647.493
12 2334.606
14 3597.282
16 4467.784
18 5882.684
20 6696.933
22 7601.963
24 8812.460
2 13232.101
4 6397.179
6 4307.787
8 3262.015
10 2675.606
12 2288.141
14 3468.430
16 4905.588
18 6226.028
20 6806.181
22 7105.534
24 10744.477
2 12782.588
4 6311.837
6 4289.364
8 3220.997
10 3153.738
12 2493.265
14 2948.162
16 4927.660
18 5412.860
20 7109.243
22 7583.803
24 10696.418
2 11758.672
4 6411.917
6 4250.140
8 3238.871
10 2648.300
12 2346.805
14 2827.420
16 5355.949
18 5829.151
20 8203.885
22 7444.658
24 10400.461
2 11951.462
4 6309.568
6 5069.371
8 3839.394
10 2656.207
12 2389.121
14 3079.734
16 5098.556
18 5228.237
20 6482.759
22 7757.056
24 9570.181
2 13233.963
4 6365.407
6 4281.474
8 3248.776
10 2653.130
12 2358.799
14 2506.024
16 4229.457
18 5529.442
20 6829.483
22 7345.277
24 8538.281
2 11781.894
4 6480.634
6 4274.681
8 3581.971
10 2701.981
12 2413.243
14 2887.521
16 3296.319
18 6315.614
20 6861.076
22 7360.544
24 9057.547
