2 18703.250
4 9341.059
6 6499.957
8 4886.862
10 4245.558
12 3612.056
14 3369.893
16 3165.231
18 3090.683
20 3046.677
22 3053.226
24 3033.243
2 18726.813
4 9299.016
6 6467.472
8 4924.882
10 4266.345
12 3555.335
14 3422.979
16 3163.288
18 3103.755
20 3064.357
22 3045.193
24 3214.459
2 18428.643
4 9255.878
6 6459.781
8 4885.784
10 4271.896
12 3585.691
14 3392.859
16 3201.436
18 3059.554
20 3054.118
22 3040.273
24 3041.262
2 18952.237
4 9261.015
6 6519.914
8 4907.926
10 4262.381
12 3604.981
14 3431.989
16 3190.816
18 3115.481
20 3076.608
22 3053.647
24 3194.688
2 18877.675
4 9325.532
6 6539.490
8 4910.967
10 4310.833
12 3576.887
14 3381.873
16 3205.105
18 3104.169
20 3063.494
22 3067.797
24 3182.030
2 20468.636
4 9274.097
6 6587.413
8 4872.198
10 4263.273
12 3548.106
14 3417.455
16 3196.321
18 3040.865
20 3064.351
22 3039.361
24 3055.858
2 18461.935
4 9242.698
6 6445.771
8 4868.612
10 4256.856
12 3578.243
14 3398.891
16 3180.881
18 3110.966
20 3053.680
22 3036.368
24 3197.675
2 18272.292
4 9289.965
6 6493.898
8 4901.484
10 4260.741
12 3566.844
14 3430.146
16 3208.366
18 3133.797
20 3061.361
22 3049.233
24 3037.113
2 18017.855
4 9318.931
6 6560.243
8 4880.325
10 4263.080
12 3572.327
14 3418.168
16 3210.518
18 3086.019
20 3055.484
22 3040.436
24 3050.637
2 18420.256
4 9287.026
6 6469.671
8 4879.171
10 4261.847
12 3637.602
14 3375.796
16 3117.534
18 3085.829
20 3053.239
22 3042.018
24 3160.100
