2 15912.391
4 16238.570
6 16150.782
8 15965.435
10 15733.059
12 15988.654
14 16147.837
16 15845.022
18 16176.420
20 15939.904
22 15668.060
24 16078.932
2 16077.554
4 15793.365
6 15921.667
8 15736.138
10 15699.045
12 16003.302
14 15951.106
16 16069.424
18 15539.656
20 16143.647
22 15569.598
24 16027.347
2 16026.818
4 15805.386
6 15702.144
8 15983.976
10 16063.934
12 16047.076
14 16100.254
16 16086.866
18 16009.974
20 16128.414
22 16162.931
24 15767.155
2 16045.823
4 16154.303
6 15628.110
8 15924.512
10 15802.789
12 15986.749
14 15798.705
16 16097.360
18 15925.702
20 16061.744
22 16017.605
24 16067.311
2 16060.202
4 15750.088
6 16106.626
8 16072.437
10 15762.840
12 15769.587
14 15934.049
16 16017.767
18 15813.515
20 15672.690
22 15823.261
24 15806.987
2 15816.237
4 15842.908
6 15617.198
8 16028.318
10 15945.190
12 15950.877
14 16117.061
16 16074.830
18 16152.277
20 15838.202
22 16020.383
24 16115.459
2 15829.522
4 16173.111
6 16140.548
8 15817.884
10 16151.391
12 16144.782
14 16153.125
16 16136.436
18 15787.834
20 16061.962
22 16095.039
24 16009.267
2 16188.022
4 15642.009
6 15568.927
8 15969.443
10 15970.264
12 16642.510
14 16161.879
16 16487.320
18 16170.807
20 15459.743
22 15760.478
24 15852.543
2 16026.789
4 15806.090
6 15639.382
8 15668.448
10 15942.582
12 15990.619
14 16082.296
16 16076.017
18 15765.272
20 15839.937
22 16728.098
24 15989.614
2 16033.781
4 15994.922
6 16005.837
8 15964.773
10 15862.552
12 15764.994
14 15841.253
16 15671.899
18 16085.788
20 15532.412
22 15853.125
24 16116.353
