2 19102.858
4 19119.468
6 19156.217
8 19134.122
10 19159.991
12 19193.162
14 19148.148
16 19129.228
18 19157.234
20 19138.623
22 19159.219
24 19237.815
2 19144.306
4 19140.152
6 19188.266
8 19146.101
10 19182.086
12 19097.342
14 19159.960
16 19139.256
18 19168.693
20 19144.975
22 19152.336
24 19172.854
2 19249.262
4 19173.468
6 19184.846
8 19151.587
10 19199.039
12 19150.264
14 19156.979
16 19133.760
18 19139.976
20 19164.306
22 19123.021
24 19184.513
2 19158.884
4 19149.116
6 19196.861
8 19158.810
10 19100.601
12 19123.794
14 19145.228
16 19158.418
18 19169.307
20 19159.256
22 19165.115
24 19167.820
2 19143.875
4 19203.052
6 19129.861
8 19179.423
10 19233.087
12 19175.590
14 19136.559
16 19174.605
18 19158.822
20 19180.715
22 19142.247
24 19153.199
2 19140.968
4 19152.520
6 19146.581
8 19178.796
10 19180.666
12 19170.173
14 19200.129
16 19150.509
18 19223.237
20 19132.770
22 19179.896
24 19165.419
2 19147.602
4 19268.455
6 19178.696
8 19138.467
10 19155.429
12 19178.682
14 19105.911
16 19208.872
18 19165.985
20 19306.662
22 19241.136
24 19180.392
2 19178.324
4 19180.349
6 19169.413
8 19168.710
10 19218.197
12 19183.193
14 19248.484
16 20619.839
18 19165.255
20 19150.902
22 19171.406
24 19194.760
2 19141.242
4 19178.650
6 19185.256
8 19162.218
10 19148.708
12 19121.394
14 19169.686
16 19133.417
18 19148.457
20 19181.115
22 19170.012
24 19196.497
2 19191.198
4 19205.262
6 19206.287
8 19170.473
10 19176.207
12 19189.869
14 19333.315
16 19257.414
18 19170.191
20 19166.767
22 19182.576
24 19193.168
