2 8120.008
4 3916.517
6 2578.227
8 2053.023
10 1675.082
12 2124.985
14 1966.919
16 1589.172
18 1461.764
20 1330.235
22 1173.702
24 2303.970
2 7448.083
4 3878.816
6 2692.143
8 2034.777
10 1630.582
12 2234.699
14 1875.896
16 1630.685
18 1427.365
20 1280.876
22 1175.331
24 2418.251
2 7461.859
4 3843.157
6 3582.313
8 2051.818
10 1650.394
12 1728.651
14 1984.781
16 1623.361
18 1401.089
20 1278.544
22 1161.393
24 7194.636
2 8502.287
4 3913.398
6 2687.023
8 1996.800
10 1766.805
12 1460.870
14 2008.243
16 1746.363
18 1511.518
20 1349.053
22 1220.225
24 1115.405
2 7402.289
4 3812.396
6 2632.851
8 2001.214
10 1641.526
12 1620.254
14 1974.365
16 1741.765
18 1564.858
20 1331.724
22 1206.670
24 1177.736
2 7385.433
4 3781.826
6 2640.935
8 2021.414
10 1629.571
12 1499.595
14 1991.814
16 1745.453
18 1487.206
20 1339.786
22 1230.985
24 1121.927
2 7548.275
4 3849.758
6 2653.561
8 2019.071
10 1630.837
12 1443.444
14 1990.435
16 1750.567
18 1508.421
20 1321.679
22 1199.682
24 1125.843
2 7363.566
4 3855.315
6 2644.088
8 1991.061
10 1622.638
12 1564.976
14 1969.005
16 1746.796
18 1563.191
20 1347.895
22 1176.679
24 1134.680
2 7479.339
4 3835.063
6 2627.645
8 1995.105
10 1636.583
12 1510.235
14 1980.372
16 1748.366
18 1557.414
20 1353.477
22 1212.086
24 1358.868
2 7457.029
4 3879.878
6 2669.903
8 2020.193
10 1634.425
12 1396.282
14 1981.916
16 1709.705
18 1487.324
20 1331.282
22 1195.683
24 1108.595
