2 11452.877
4 5803.129
6 5941.748
8 5858.574
10 6200.148
12 6060.382
14 6777.273
16 6884.501
18 6822.673
20 6899.413
22 6825.827
24 6997.146
2 11461.094
4 5818.705
6 5818.371
8 5856.835
10 6212.180
12 6267.582
14 6298.059
16 6845.434
18 6880.963
20 6922.710
22 6928.557
24 7052.553
2 11447.824
4 5807.371
6 5823.705
8 6390.520
10 6139.350
12 6204.232
14 6474.863
16 6690.694
18 6872.083
20 6950.245
22 6948.034
24 7083.991
2 11460.004
4 5808.662
6 5833.205
8 5837.356
10 6288.922
12 6216.625
14 6194.584
16 6140.999
18 6903.435
20 6854.259
22 6898.783
24 6999.161
2 11457.171
4 5813.923
6 5822.431
8 5834.673
10 5838.601
12 5853.557
14 6393.651
16 6712.527
18 6834.018
20 6879.786
22 6904.114
24 7069.852
2 11457.186
4 5841.650
6 5836.426
8 5819.557
10 5862.754
12 6530.586
14 6601.248
16 6541.110
18 6923.689
20 6912.047
22 6865.507
24 7000.386
2 11458.254
4 5856.862
6 5846.936
8 5847.284
10 5855.366
12 5851.004
14 6300.609
16 6799.427
18 6855.066
20 6873.336
22 6888.294
24 6981.968
2 11452.710
4 5804.685
6 5812.838
8 5885.170
10 5859.409
12 6222.032
14 6727.161
16 6365.094
18 6749.103
20 6817.898
22 6906.674
24 6985.436
2 11471.974
4 5814.941
6 5825.001
8 6060.770
10 6089.082
12 6702.382
14 6335.770
16 6437.943
18 6904.653
20 6896.829
22 6880.889
24 7079.202
2 11442.268
4 5810.405
6 5820.630
8 6011.081
10 6101.176
12 6282.673
14 6415.964
16 6814.453
18 6851.998
20 6871.106
22 6907.696
24 7022.476
