2 22864.914
4 22948.628
6 22905.783
8 22913.384
10 22918.227
12 22842.509
14 22921.176
16 22901.799
18 22898.177
20 22893.453
22 22951.056
24 22905.650
2 22970.875
4 22895.206
6 22961.955
8 22888.894
10 22904.357
12 22895.002
14 22905.728
16 22855.581
18 22914.671
20 22908.171
22 22910.988
24 22912.322
2 22897.669
4 22846.438
6 22969.083
8 22909.168
10 22914.098
12 22950.070
14 22910.222
16 22923.395
18 22935.066
20 22909.864
22 23011.035
24 22902.028
2 22897.291
4 22942.194
6 22905.188
8 22862.877
10 22841.885
12 22845.586
14 22872.363
16 22901.769
18 22901.313
20 22838.675
22 22917.218
24 22832.130
2 22905.415
4 22893.529
6 22837.571
8 22907.449
10 22912.949
12 22950.059
14 22837.975
16 22921.248
18 22918.800
20 22898.218
22 22960.621
24 22920.622
2 22935.077
4 22925.474
6 22948.234
8 22934.485
10 22922.937
12 22953.317
14 22898.403
16 22850.374
18 22885.757
20 22925.546
22 22945.274
24 22932.294
2 22983.218
4 22939.867
6 22945.449
8 22847.287
10 22883.383
12 22935.679
14 22964.441
16 23575.474
18 22996.550
20 22931.269
22 22931.681
24 22943.201
2 22928.775
4 22881.365
6 22852.653
8 22897.181
10 22952.101
12 22933.219
14 22945.831
16 22928.424
18 22874.011
20 22904.138
22 22929.811
24 22897.639
2 22899.513
4 22836.627
6 22892.795
8 22896.812
10 22904.863
12 22949.195
14 22899.987
16 22943.771
18 22917.980
20 22926.013
22 22915.345
24 23003.550
2 22933.294
4 22904.226
6 22918.611
8 22839.057
10 22971.420
12 22978.589
14 22980.828
16 22848.984
18 22909.325
20 22919.749
22 22835.594
24 22913.912
