2 12369.517
4 6581.082
6 4449.975
8 3366.466
10 2754.499
12 2376.068
14 2420.438
16 4392.511
18 5437.228
20 6868.664
22 7819.925
24 8452.442
2 12358.173
4 6559.619
6 4476.233
8 3387.552
10 2752.571
12 2367.990
14 2446.072
16 4351.649
18 5559.220
20 7377.414
22 7427.031
24 8417.403
2 12286.942
4 6575.502
6 4465.990
8 3424.068
10 2761.138
12 2357.018
14 2447.318
16 3981.488
18 6384.903
20 6872.601
22 7363.593
24 7874.849
2 12281.196
4 6611.613
6 4435.264
8 3415.242
10 2758.988
12 2363.297
14 2420.871
16 4378.552
18 5278.401
20 6214.128
22 7441.080
24 8417.901
2 12263.235
4 6602.557
6 4481.675
8 3382.912
10 2751.296
12 2351.925
14 3203.247
16 5151.268
18 5414.182
20 6832.175
22 8721.371
24 9013.123
2 12313.119
4 6601.723
6 4472.981
8 3394.096
10 2759.809
12 2374.827
14 2416.287
16 4441.765
18 5264.673
20 6432.125
22 7691.009
24 10787.531
2 12307.135
4 6573.557
6 4443.661
8 3370.467
10 2741.613
12 2427.807
14 2476.281
16 4296.979
18 5630.890
20 6442.971
22 7469.395
24 8158.273
2 12332.160
4 6580.728
6 4431.739
8 3364.391
10 2751.327
12 2408.370
14 2451.170
16 5153.683
18 6877.262
20 6203.072
22 7842.028
24 8307.809
2 12256.939
4 6580.695
6 4429.196
8 3366.732
10 2746.652
12 2358.904
14 2499.941
16 4356.177
18 5406.120
20 6655.873
22 7767.191
24 8703.604
2 12321.395
4 6795.225
6 4428.381
8 3361.891
10 2741.523
12 2391.101
14 2450.012
16 4069.275
18 5275.859
20 6553.549
22 7313.885
24 8023.789
