2 31591.350
4 15842.757
6 10542.092
8 7994.339
10 6483.226
12 5547.605
14 5076.419
16 4727.518
18 4459.910
20 4227.701
22 4107.468
24 3983.949
2 31325.526
4 15700.147
6 10575.937
8 7999.715
10 6553.866
12 5507.559
14 5086.006
16 4735.086
18 4450.227
20 4217.548
22 4078.190
24 3993.591
2 31699.436
4 15732.511
6 10558.220
8 7973.508
10 6474.709
12 5502.489
14 5135.692
16 4728.769
18 4441.957
20 4225.181
22 4072.627
24 3967.306
2 31381.709
4 15724.924
6 10541.698
8 7985.159
10 6529.478
12 5503.252
14 5100.503
16 4716.871
18 4444.316
20 4230.038
22 4076.169
24 3960.920
2 31432.039
4 15688.486
6 10568.152
8 7968.504
10 6462.659
12 5507.136
14 5069.785
16 4724.584
18 4448.721
20 4231.453
22 4077.795
24 3966.344
2 31357.342
4 15700.007
6 10540.318
8 7962.028
10 6478.108
12 5557.099
14 5116.371
16 4733.485
18 4450.247
20 4235.955
22 4088.069
24 3918.603
2 31375.830
4 15656.870
6 10561.197
8 8007.090
10 6527.515
12 5571.495
14 5155.969
16 4807.551
18 4454.038
20 4257.012
22 4064.719
24 3931.782
2 31370.559
4 15683.534
6 10507.368
8 7937.626
10 6484.316
12 5481.797
14 5093.125
16 4709.992
18 4452.375
20 4216.512
22 4098.168
24 3938.004
2 31281.006
4 15741.337
6 10568.115
8 7985.481
10 6480.212
12 5508.371
14 5074.360
16 4739.800
18 4476.656
20 4203.469
22 4046.285
24 3952.395
2 31294.669
4 15669.451
6 10521.113
8 7975.147
10 6455.176
12 5492.044
14 5065.568
16 4718.757
18 4445.137
20 4223.929
22 4059.402
24 3978.600
