2 27318.350
4 13716.459
6 9223.022
8 6909.343
10 5608.632
12 4865.558
14 5439.232
16 4906.696
18 4438.318
20 3996.400
22 3681.220
24 3551.061
2 27363.924
4 13808.015
6 9200.629
8 6903.075
10 5573.705
12 4798.862
14 5407.293
16 4888.294
18 4404.625
20 3990.443
22 3672.090
24 3536.880
2 27326.897
4 13676.364
6 9237.875
8 6894.994
10 5669.031
12 4737.126
14 5439.042
16 4889.615
18 4459.195
20 4005.342
22 3667.257
24 3535.622
2 27298.854
4 13701.564
6 9245.518
8 6904.137
10 5645.887
12 5003.003
14 5443.816
16 4882.487
18 4429.602
20 3979.994
22 3723.076
24 3443.222
2 27329.533
4 13688.995
6 9124.484
8 6905.724
10 5601.464
12 4754.097
14 5448.898
16 4925.766
18 4396.545
20 4004.754
22 3680.093
24 3404.733
2 27326.866
4 13733.561
6 9209.339
8 6902.517
10 5491.964
12 5001.399
14 5496.815
16 4870.186
18 4388.006
20 4000.457
22 3665.219
24 3545.133
2 27338.435
4 13745.357
6 9108.720
8 6896.925
10 5775.106
12 5093.558
14 5441.887
16 4877.975
18 4440.855
20 3990.031
22 3674.508
24 3505.420
2 27357.665
4 13611.557
6 9123.756
8 6917.943
10 6054.347
12 5103.501
14 5465.990
16 4889.545
18 4435.445
20 3987.091
22 3714.763
24 3513.519
2 27353.422
4 13746.672
6 9066.817
8 6888.412
10 5686.593
12 5615.206
14 5424.382
16 4926.113
18 4454.286
20 3990.966
22 3670.271
24 3525.236
2 27336.575
4 13687.831
6 9134.607
8 6921.391
10 5730.993
12 5117.494
14 5499.855
16 4851.618
18 4416.242
20 3994.043
22 3682.816
24 3388.940
