2 48141.866
4 48228.381
6 47926.186
8 48202.203
10 48207.752
12 47912.768
14 48127.184
16 48140.454
18 48180.338
20 48187.374
22 48269.350
24 47864.490
2 48207.926
4 47929.743
6 48226.552
8 48206.471
10 47962.137
12 48184.153
14 48183.894
16 48089.447
18 48230.589
20 48119.627
22 48149.896
24 48253.218
2 48124.516
4 48123.181
6 48151.808
8 48196.187
10 48143.583
12 48207.858
14 48241.853
16 47878.143
18 48176.688
20 48126.516
22 48170.112
24 48081.178
2 47851.992
4 48130.883
6 48095.875
8 48188.035
10 48145.762
12 48108.378
14 48203.256
16 47991.950
18 48114.786
20 48135.913
22 48142.793
24 48141.449
2 48209.023
4 48122.775
6 48035.999
8 48087.731
10 48194.022
12 48227.740
14 47992.681
16 48227.660
18 48115.232
20 48203.568
22 48019.140
24 48132.153
2 47936.658
4 48155.510
6 48175.096
8 48078.374
10 47875.333
12 48113.966
14 48245.653
16 47980.201
18 48129.180
20 48147.505
22 48169.047
24 48259.484
2 48238.644
4 48097.655
6 48001.532
8 48029.908
10 47923.479
12 48228.871
14 48170.351
16 48161.560
18 48169.231
20 48259.485
22 48245.323
24 48143.604
2 48199.941
4 48163.153
6 48136.961
8 47906.776
10 48240.721
12 48121.321
14 48207.076
16 48175.199
18 48156.451
20 48171.652
22 47794.299
24 48231.433
2 48194.713
4 48104.416
6 48224.858
8 48212.455
10 48163.563
12 48216.815
14 48132.299
16 48116.370
18 48183.475
20 48146.661
22 48145.868
24 48181.975
2 48122.535
4 48236.466
6 48195.754
8 48111.701
10 48173.352
12 48152.513
14 47976.308
16 48143.940
18 48081.673
20 48118.858
22 48186.796
24 48038.137
