2 42299.580
4 20858.017
6 13933.997
8 10743.515
10 8670.107
12 7870.590
14 7257.142
16 6848.783
18 6267.477
20 5712.044
22 5316.170
24 4888.084
2 43931.999
4 21197.581
6 14265.377
8 10956.146
10 8994.956
12 8655.858
14 7550.032
16 7079.881
18 6337.383
20 5754.549
22 5338.271
24 6308.683
2 43368.274
4 21302.594
6 14038.117
8 10546.104
10 8723.856
12 7924.285
14 7422.207
16 6894.875
18 6351.678
20 5714.228
22 5228.736
24 5022.953
2 42260.980
4 20781.044
6 14155.309
8 10643.574
10 8820.062
12 7525.963
14 7566.697
16 6791.786
18 6364.164
20 5764.912
22 5345.027
24 4975.846
2 42889.446
4 21338.768
6 13955.341
8 10605.542
10 8488.843
12 7738.153
14 7466.049
16 6755.073
18 6354.247
20 5813.750
22 5253.189
24 6185.898
2 42746.687
4 21288.579
6 14075.555
8 10612.930
10 8605.977
12 7622.333
14 7339.439
16 6899.904
18 6362.864
20 5799.396
22 5267.790
24 4981.641
2 42731.035
4 21348.972
6 14098.897
8 10557.175
10 8628.439
12 7590.452
14 7416.810
16 6942.295
18 6397.914
20 5805.086
22 5203.369
24 5030.754
2 42808.826
4 21388.074
6 14108.792
8 10575.386
10 8524.897
12 7642.952
14 7522.498
16 6856.142
18 6263.194
20 5791.140
22 5351.167
24 5039.432
2 42706.365
4 20716.377
6 14090.745
8 10606.778
10 8646.545
12 7550.240
14 7530.121
16 6882.421
18 6299.748
20 5789.981
22 5277.678
24 5022.034
2 42791.538
4 21311.769
6 14034.352
8 10613.662
10 8646.558
12 7524.693
14 7467.002
16 6929.623
18 6353.473
20 5721.805
22 5285.289
24 4989.642
