2 26731.328
4 14042.819
6 9376.492
8 7077.950
10 5749.504
12 4950.998
14 4554.183
16 4328.021
18 5885.720
20 8807.016
22 11487.087
24 12471.867
2 26556.125
4 13952.860
6 9358.795
8 7108.238
10 5674.269
12 4841.182
14 4564.993
16 4307.135
18 5596.380
20 8939.174
22 10803.208
24 12509.377
2 27057.875
4 13972.196
6 9341.760
8 7066.796
10 5721.182
12 4917.696
14 4558.242
16 4342.519
18 6105.795
20 8836.018
22 10392.851
24 12838.629
2 26986.534
4 14074.029
6 9407.239
8 7062.432
10 5703.463
12 4873.170
14 4558.849
16 4305.577
18 6124.847
20 9427.120
22 11509.808
24 12846.437
2 26933.603
4 14068.318
6 9354.288
8 7079.619
10 5727.262
12 4854.893
14 4533.947
16 4314.024
18 5750.006
20 9342.636
22 10852.799
24 11616.498
2 26926.870
4 14134.071
6 9370.063
8 7076.261
10 5730.088
12 4822.355
14 4544.565
16 4375.622
18 5793.931
20 8918.720
22 10735.107
24 12091.915
2 26853.381
4 13993.882
6 9372.652
8 7106.306
10 5764.600
12 4885.941
14 4556.781
16 4319.281
18 6213.372
20 9038.727
22 9792.579
24 12085.159
2 26956.963
4 13893.031
6 9383.652
8 7098.306
10 5753.229
12 4814.138
14 4550.828
16 4308.538
18 6763.284
20 7526.879
22 12622.496
24 13074.298
2 26944.669
4 13998.704
6 9323.927
8 7067.498
10 5726.812
12 4907.820
14 4551.899
16 4322.601
18 5989.696
20 8711.776
22 11324.096
24 12740.312
2 26714.903
4 14019.810
6 9414.076
8 7076.491
10 5710.058
12 4847.423
14 4539.517
16 4318.704
18 6008.018
20 9582.716
22 10997.912
24 12285.484
