2 53643.431
4 53667.622
6 53682.862
8 53693.041
10 53874.722
12 53628.661
14 53628.000
16 53528.138
18 53734.398
20 53594.207
22 53733.011
24 53446.790
2 53669.339
4 53679.013
6 53634.892
8 53577.687
10 53590.934
12 55470.966
14 53683.052
16 53607.168
18 53679.398
20 53500.406
22 53588.911
24 53580.369
2 53452.979
4 53567.435
6 55204.431
8 53673.702
10 53637.775
12 53656.211
14 53593.309
16 53697.128
18 53609.999
20 53520.873
22 53763.992
24 53535.524
2 53603.041
4 53661.322
6 53765.321
8 53711.616
10 53492.738
12 53716.647
14 53537.853
16 53613.176
18 53575.476
20 53657.770
22 53750.379
24 53683.423
2 53568.996
4 53657.717
6 53629.016
8 53680.415
10 53638.845
12 53649.734
14 53675.190
16 53646.248
18 53782.934
20 54512.614
22 53544.251
24 53634.043
2 53737.734
4 53559.861
6 53642.668
8 53533.616
10 53611.743
12 53555.054
14 53578.217
16 53627.885
18 53653.907
20 54798.839
22 53578.732
24 53670.198
2 53600.715
4 53661.570
6 53547.892
8 53640.805
10 53483.236
12 53730.693
14 53600.386
16 53735.534
18 53661.918
20 53529.241
22 53642.827
24 53666.634
2 53658.795
4 53750.123
6 53764.859
8 53638.482
10 53586.022
12 53562.362
14 53724.768
16 54612.358
18 53643.770
20 53555.212
22 53727.768
24 53524.358
2 53545.102
4 53649.544
6 53690.639
8 53616.438
10 53614.107
12 53679.238
14 53733.248
16 53507.622
18 53648.175
20 53771.075
22 53594.334
24 53512.358
2 53473.779
4 53534.996
6 53609.028
8 53697.600
10 53480.090
12 53684.887
14 53598.179
16 53572.902
18 53670.138
20 53621.209
22 53631.434
24 53680.541
