2 21502.729
4 10824.492
6 7200.394
8 5420.135
10 4388.094
12 3972.717
14 4178.054
16 3742.554
18 3363.839
20 3023.694
22 2753.602
24 2577.019
2 21468.555
4 10776.229
6 7208.611
8 5428.515
10 4368.018
12 3887.120
14 4203.218
16 3754.436
18 3353.095
20 3026.323
22 2754.135
24 2665.854
2 21530.689
4 10780.350
6 7216.456
8 5442.778
10 4365.206
12 4077.443
14 4160.446
16 3775.796
18 3358.907
20 3023.692
22 2749.290
24 2546.421
2 21549.795
4 10811.298
6 7247.959
8 5414.314
10 4355.329
12 4144.179
14 4208.850
16 3766.350
18 3364.904
20 3033.568
22 2759.789
24 2610.486
2 21550.750
4 10797.037
6 7207.467
8 5418.543
10 4437.767
12 3967.298
14 4179.170
16 3768.230
18 3354.881
20 3026.263
22 2756.157
24 2550.283
2 21509.164
4 10779.781
6 7244.544
8 5414.974
10 4371.383
12 3900.834
14 4159.006
16 3768.494
18 3361.919
20 3033.932
22 2757.523
24 2546.983
2 21484.435
4 10787.905
6 7246.328
8 5465.194
10 4322.409
12 3660.800
14 4165.929
16 3738.828
18 3359.582
20 3025.930
22 2747.002
24 2700.361
2 21487.709
4 10783.626
6 7219.770
8 5455.003
10 4400.679
12 3905.603
14 4164.704
16 3766.525
18 3354.314
20 3020.439
22 2762.782
24 2697.706
2 21496.672
4 10779.917
6 7217.362
8 5428.537
10 4484.070
12 4113.626
14 4187.038
16 3744.910
18 3357.424
20 3019.200
22 2752.629
24 2668.269
2 21502.937
4 10795.826
6 7215.717
8 5438.300
10 4391.122
12 4038.578
14 4184.456
16 3751.433
18 3337.961
20 3022.365
22 2756.081
24 2663.884
