2 41467.663
4 41475.850
6 41422.505
8 41190.298
10 41382.422
12 41178.596
14 41416.680
16 41348.606
18 41349.345
20 41321.255
22 41304.310
24 41335.721
2 41265.536
4 41163.633
6 41279.400
8 41343.744
10 41200.912
12 41246.981
14 41223.755
16 41301.121
18 41292.699
20 41286.347
22 41309.216
24 41290.407
2 41227.309
4 41235.440
6 41303.838
8 41310.371
10 41194.377
12 41241.823
14 41264.379
16 41257.850
18 41193.762
20 41218.645
22 41239.975
24 41198.391
2 41205.421
4 41193.358
6 41218.872
8 41245.331
10 41173.614
12 41210.446
14 41215.444
16 41250.444
18 41262.473
20 41249.332
22 41223.615
24 41209.567
2 41217.554
4 41183.705
6 41214.039
8 41175.982
10 41247.465
12 41183.540
14 41164.572
16 41240.016
18 41167.660
20 41173.375
22 41215.244
24 41216.570
2 41193.184
4 41260.963
6 41180.923
8 41216.874
10 41190.713
12 41185.768
14 41184.831
16 41260.773
18 41265.648
20 41290.003
22 41256.510
24 41179.859
2 41186.477
4 41168.217
6 41213.309
8 41217.406
10 41181.831
12 41233.451
14 41177.076
16 41186.536
18 41247.632
20 41259.524
22 41188.097
24 41269.949
2 41215.459
4 41172.472
6 41230.217
8 41165.658
10 41242.206
12 41279.820
14 41165.737
16 41196.610
18 41165.847
20 41217.734
22 41257.572
24 41181.570
2 41233.243
4 41188.915
6 41228.879
8 41194.882
10 41202.795
12 41247.750
14 41175.498
16 41203.736
18 41136.317
20 41254.311
22 41193.107
24 41205.251
2 41244.413
4 41170.526
6 41158.175
8 41149.407
10 41194.277
12 41260.359
14 41176.943
16 41191.986
18 41169.466
20 41193.164
22 41186.038
24 41172.495
