2 Error: No GPU found on platform 0 (Intel(R) OpenCL - Intel(R) Corporation). Try PLATFORM=<p> ./prog blabla
4 2 123.793
4 122.461
6 117.183
8 113.207
10 112.580
12 112.848
14 113.402
16 112.885
18 123.766
20 117.259
22 113.041
24 113.557
2 113.564
4 113.531
6 114.224
8 123.713
10 117.138
12 112.818
14 112.865
16 113.319
18 114.693
20 112.770
22 123.692
24 117.166
2 112.840
4 113.280
6 113.695
8 113.407
10 113.041
12 123.661
14 120.551
16 114.932
18 114.772
20 113.401
22 113.423
24 113.425
2 123.794
4 117.173
6 113.413
8 112.812
10 113.460
12 112.867
14 113.441
16 123.333
18 117.325
20 113.466
22 113.478
24 113.468
2 113.240
4 113.463
6 120.862
8 116.154
10 113.438
12 114.271
14 113.238
16 114.108
18 113.435
20 123.654
22 117.347
24 113.456
2 113.432
4 113.420
6 113.024
8 113.314
10 123.409
12 117.324
14 112.625
16 113.245
18 113.418
20 113.354
22 114.217
24 123.647
2 117.324
4 113.463
6 113.334
8 113.394
10 112.881
12 113.479
14 121.821
16 117.355
18 113.120
20 113.415
22 113.292
24 112.899
2 113.415
4 123.650
6 117.315
8 113.344
10 113.498
12 114.720
14 113.536
16 112.604
18 123.432
20 117.347
22 113.562
24 114.710
2 113.396
4 114.251
6 113.457
8 122.222
10 117.399
12 113.551
14 113.810
16 113.346
18 113.994
20 112.895
22 123.661
24 117.328
2 113.405
4 113.994
6 114.007
8 113.320
10 114.251
12 120.935
14 116.550
16 113.995
18 113.541
20 113.545
22 113.795
24 114.012
Error: No GPU found on platform 0 (Intel(R) OpenCL - Intel(R) Corporation). Try PLATFORM=<p> ./prog blabla
