2 27784.096
4 14403.273
6 9658.243
8 7335.662
10 5874.735
12 4967.722
14 4692.096
16 4383.138
18 4596.646
20 7226.433
22 10336.400
24 11203.034
2 27564.511
4 14385.198
6 9669.497
8 7419.036
10 5924.385
12 4959.286
14 4654.411
16 4406.141
18 4258.175
20 7340.630
22 10281.802
24 12473.662
2 27543.108
4 14453.221
6 9642.836
8 7284.210
10 5893.131
12 4985.040
14 4647.725
16 4403.788
18 4296.047
20 6289.282
22 10406.148
24 12281.726
2 27887.311
4 14601.263
6 9577.869
8 7281.776
10 5959.488
12 4961.170
14 4646.041
16 4350.778
18 4233.032
20 7471.293
22 9067.112
24 11399.392
2 28138.787
4 14404.414
6 9705.095
8 7277.707
10 5892.390
12 4957.080
14 4650.098
16 4391.810
18 4184.368
20 7517.740
22 9339.992
24 11731.476
2 27886.535
4 14435.480
6 9803.726
8 7279.221
10 5895.021
12 4999.359
14 4681.610
16 4409.537
18 4228.243
20 7178.342
22 10231.363
24 11624.975
2 27574.324
4 14453.893
6 9662.600
8 7279.188
10 5974.009
12 4971.384
14 4624.000
16 4368.510
18 4258.238
20 6659.072
22 9464.446
24 10972.751
2 28085.849
4 14421.145
6 9701.742
8 7281.327
10 5907.051
12 5056.635
14 4648.319
16 4369.318
18 4450.970
20 6199.962
22 9720.952
24 11570.524
2 27799.104
4 14555.856
6 9641.397
8 7367.006
10 6028.503
12 4937.177
14 4690.790
16 4393.551
18 4273.579
20 7212.372
22 9765.225
24 11823.026
2 27561.583
4 14380.406
6 9612.734
8 7306.361
10 5969.558
12 4972.866
14 4650.184
16 4380.666
18 4271.315
20 6944.642
22 9747.545
24 12386.192
